
#### LEFT CAMERA VALUES:
Camera matrix : 

[[540.93762248   0.         335.86828097]
 [  0.         537.97773226 238.97423456]
 [  0.           0.           1.        ]]
dist : 

[[-0.41130531  0.29078976  0.00163873 -0.00085    -0.16380047]]
rvecs : 

(array([[-0.72860446],
       [ 0.2837478 ],
       [-1.43073299]]), array([[-0.7691635 ],
       [ 0.41512149],
       [-1.40692437]]), array([[-0.81832166],
       [ 0.44617257],
       [-1.36161471]]), array([[-0.84694941],
       [ 0.47634222],
       [-1.33472973]]), array([[-0.4908367 ],
       [ 0.09417694],
       [-1.46130107]]), array([[-0.45654624],
       [ 0.05040074],
       [-1.49124253]]), array([[-0.39384977],
       [-0.01360734],
       [-1.51851378]]), array([[-0.3224547 ],
       [-0.0703398 ],
       [-1.54566293]]), array([[-0.27237829],
       [-0.13015682],
       [-1.55131178]]), array([[-0.2611975 ],
       [-0.15029085],
       [-1.55770158]]), array([[-0.25978489],
       [-0.17766186],
       [-1.56936577]]), array([[-0.2603864 ],
       [-0.20034128],
       [-1.58390477]]), array([[-0.2550474 ],
       [-0.24061635],
       [-1.59473424]]), array([[-0.23722202],
       [-0.24048426],
       [-1.61304615]]), array([[-0.22611709],
       [-0.21410807],
       [-1.62624716]]), array([[-0.16135704],
       [-0.1978963 ],
       [-1.65130443]]), array([[-0.190947  ],
       [-0.19624292],
       [-1.66463219]]), array([[-0.20198866],
       [-0.20870804],
       [-1.68129297]]), array([[-0.19149991],
       [-0.21182274],
       [-1.69054313]]), array([[-0.22361224],
       [-0.26696944],
       [-1.68883764]]), array([[-0.27755119],
       [-0.31223174],
       [-1.69966363]]), array([[-0.31693263],
       [-0.32294668],
       [-1.70005579]]), array([[-0.36717369],
       [-0.32074755],
       [-1.6700252 ]]), array([[-0.40778319],
       [-0.33730667],
       [-1.6439619 ]]), array([[-0.43869084],
       [-0.36522013],
       [-1.6101411 ]]), array([[-0.47210432],
       [-0.39891063],
       [-1.57534659]]), array([[-0.52466463],
       [-0.42878052],
       [-1.55268128]]), array([[-0.57286371],
       [-0.48916165],
       [-1.51640227]]), array([[-0.58313003],
       [-0.49710727],
       [-1.50714943]]), array([[-0.54898897],
       [-0.47274055],
       [-1.54600391]]), array([[-0.50109439],
       [-0.40282793],
       [-1.56285895]]), array([[-0.42660427],
       [-0.26444353],
       [-1.56203639]]), array([[-0.42450293],
       [-0.19268237],
       [-1.52428607]]), array([[-0.51955376],
       [-0.14612848],
       [-1.43060395]]), array([[-0.55854445],
       [-0.15901615],
       [-1.40009056]]), array([[-0.30048787],
       [ 0.0978643 ],
       [-1.4599218 ]]), array([[-0.22253972],
       [ 0.16332553],
       [-1.50771668]]), array([[-0.12284138],
       [ 0.25706487],
       [-1.50608323]]), array([[-0.0435013 ],
       [ 0.37009062],
       [-1.54716089]]), array([[-0.0086951 ],
       [ 0.4389568 ],
       [-1.60441233]]), array([[-0.01646904],
       [ 0.43993245],
       [-1.61298166]]), array([[-0.0211492 ],
       [ 0.43255079],
       [-1.60893992]]), array([[-0.00792322],
       [ 0.45378413],
       [-1.60291627]]), array([[ 0.00710249],
       [ 0.47185439],
       [-1.61934361]]), array([[-0.01290288],
       [ 0.48050959],
       [-1.66272518]]), array([[-0.02037275],
       [ 0.50351232],
       [-1.69655582]]), array([[ 0.02047059],
       [ 0.5357681 ],
       [-1.72966995]]), array([[ 0.04710585],
       [ 0.54877851],
       [-1.79437363]]), array([[ 0.00520531],
       [ 0.55688147],
       [-1.83376168]]), array([[ 0.08913044],
       [ 0.64138406],
       [-1.84588457]]), array([[ 0.12830333],
       [ 0.65989046],
       [-1.83379479]]), array([[ 0.05696583],
       [ 0.59972535],
       [-1.81713867]]), array([[ 1.12528394],
       [ 0.88846277],
       [-1.44857276]]), array([[ 1.18702588],
       [ 0.8946457 ],
       [-1.42122419]]), array([[ 1.19711319],
       [ 0.81391912],
       [-1.45854881]]), array([[ 1.21054387],
       [ 0.77053521],
       [-1.47925105]]), array([[ 1.22258101],
       [ 0.75829925],
       [-1.46456703]]), array([[ 1.22612151],
       [ 0.75193733],
       [-1.45987579]]), array([[ 1.20684538],
       [ 0.70803602],
       [-1.47198849]]), array([[ 1.20335571],
       [ 0.69392441],
       [-1.49339472]]), array([[ 1.18017721],
       [ 0.6721439 ],
       [-1.51524283]]), array([[ 1.11610437],
       [ 0.6273604 ],
       [-1.57506892]]), array([[ 1.10283599],
       [ 0.58974227],
       [-1.59405414]]), array([[ 1.07102517],
       [ 0.58731921],
       [-1.59956063]]), array([[ 1.03993258],
       [ 0.63499715],
       [-1.60327091]]), array([[ 1.0090842 ],
       [ 0.68090662],
       [-1.59140296]]), array([[ 0.9569637 ],
       [ 0.74188478],
       [-1.57769965]]), array([[ 0.89564267],
       [ 0.75720752],
       [-1.57108908]]), array([[ 0.85786154],
       [ 0.79218191],
       [-1.54583174]]), array([[ 0.80608242],
       [ 0.78052382],
       [-1.54888759]]), array([[ 0.79220926],
       [ 0.81389454],
       [-1.52870807]]), array([[ 0.81882728],
       [ 0.86761114],
       [-1.5011649 ]]), array([[ 0.89454009],
       [ 0.91222513],
       [-1.47237304]]), array([[ 0.9006118 ],
       [ 0.87880067],
       [-1.46871446]]), array([[ 0.90310187],
       [ 0.87717949],
       [-1.50484313]]), array([[ 0.89003664],
       [ 0.8484897 ],
       [-1.58227202]]), array([[ 0.75813546],
       [ 0.68951247],
       [-1.64887763]]), array([[ 0.68154092],
       [ 0.61884986],
       [-1.60537469]]), array([[ 0.67322492],
       [ 0.5670004 ],
       [-1.59460956]]), array([[ 0.6458803 ],
       [ 0.55110608],
       [-1.59862955]]), array([[ 0.642126  ],
       [ 0.54563419],
       [-1.71472354]]), array([[ 0.58662425],
       [ 0.53624106],
       [-1.74081366]]), array([[ 0.48106952],
       [ 0.4948071 ],
       [-1.75794094]]), array([[ 0.43701913],
       [ 0.45676582],
       [-1.73011863]]), array([[ 0.43254387],
       [ 0.44928252],
       [-1.71207899]]), array([[ 0.38193043],
       [ 0.39393349],
       [-1.69244283]]), array([[ 0.34414704],
       [ 0.36023448],
       [-1.6761136 ]]), array([[ 0.35176065],
       [ 0.37825613],
       [-1.68373872]]), array([[ 0.34268262],
       [ 0.37006877],
       [-1.70055802]]), array([[ 0.27946125],
       [ 0.30948243],
       [-1.71217269]]), array([[ 0.21806797],
       [ 0.23655064],
       [-1.70771633]]), array([[ 0.22475394],
       [ 0.24555503],
       [-1.69198898]]), array([[ 0.22384314],
       [ 0.22024591],
       [-1.66278662]]), array([[ 0.20548726],
       [ 0.17649666],
       [-1.64268779]]), array([[ 0.18062008],
       [ 0.06434339],
       [-1.59199457]]), array([[ 0.17576869],
       [-0.0522979 ],
       [-1.60820567]]), array([[ 0.17934529],
       [-0.15118413],
       [-1.65581454]]), array([[ 0.17293511],
       [-0.22962625],
       [-1.70615074]]), array([[ 0.19455369],
       [-0.28537126],
       [-1.74903186]]), array([[ 0.29354638],
       [-0.3000974 ],
       [-1.77145319]]), array([[ 0.36914385],
       [-0.36318374],
       [-1.79964987]]), array([[ 0.35713833],
       [-0.31827013],
       [-1.88968933]]), array([[ 0.25329156],
       [-0.32142269],
       [-1.81080759]]), array([[ 0.19939348],
       [-0.25527723],
       [-1.77597512]]), array([[ 0.16674709],
       [-0.21119709],
       [-1.76063522]]), array([[ 0.13259515],
       [-0.22364593],
       [-1.75975109]]), array([[ 0.14306446],
       [-0.19421428],
       [-1.75366981]]), array([[ 0.13811156],
       [-0.19564031],
       [-1.74787522]]), array([[ 0.16558905],
       [-0.17278316],
       [-1.7545981 ]]), array([[ 0.21906943],
       [-0.12990661],
       [-1.76807421]]), array([[ 0.34850872],
       [-0.01056195],
       [-1.75402505]]), array([[ 0.39521111],
       [ 0.02198078],
       [-1.74508565]]), array([[ 0.33439191],
       [-0.05228886],
       [-1.77163643]]), array([[ 0.24342403],
       [-0.13067314],
       [-1.79991266]]), array([[ 0.19249483],
       [-0.16097133],
       [-1.81384406]]), array([[ 0.17625338],
       [-0.16234223],
       [-1.82058564]]), array([[ 0.16071514],
       [-0.16478047],
       [-1.8244322 ]]), array([[ 0.10019183],
       [-0.21095913],
       [-1.83459542]]), array([[ 0.02956159],
       [-0.26424049],
       [-1.84034818]]), array([[-0.04588399],
       [-0.31172797],
       [-1.84961828]]), array([[-0.11000151],
       [-0.35755686],
       [-1.86520848]]), array([[-0.11818928],
       [-0.38637862],
       [-1.87756806]]), array([[-0.11536981],
       [-0.39544246],
       [-1.88262729]]), array([[-0.14779146],
       [-0.41193394],
       [-1.88219641]]), array([[-0.16823728],
       [-0.41926028],
       [-1.89105242]]), array([[-0.18153004],
       [-0.40842075],
       [-1.88541508]]), array([[-0.1930355 ],
       [-0.40551417],
       [-1.87698764]]), array([[-0.19519076],
       [-0.40554445],
       [-1.87171804]]), array([[-0.19050195],
       [-0.39437997],
       [-1.87857529]]), array([[-0.16879842],
       [-0.36331963],
       [-1.88331104]]), array([[-0.15274906],
       [-0.33952259],
       [-1.86678478]]), array([[-0.18068604],
       [-0.37406186],
       [-1.81841192]]), array([[-0.18739696],
       [-0.38853664],
       [-1.78748434]]), array([[-0.18176959],
       [-0.36225578],
       [-1.75337445]]), array([[-0.17090538],
       [-0.33293036],
       [-1.73337345]]), array([[-0.19065082],
       [-0.32615795],
       [-1.71236005]]), array([[-0.21554462],
       [-0.32506718],
       [-1.68345744]]), array([[-0.24260793],
       [-0.30217574],
       [-1.6420564 ]]), array([[-0.27707136],
       [-0.31002903],
       [-1.61134149]]), array([[-0.31761609],
       [-0.33240214],
       [-1.56522794]]), array([[-0.32859273],
       [-0.32732353],
       [-1.54097959]]), array([[-0.32603061],
       [-0.30888764],
       [-1.52455111]]), array([[-0.32665815],
       [-0.28577496],
       [-1.50310426]]), array([[-0.33045206],
       [-0.25907249],
       [-1.47215023]]), array([[-0.34223422],
       [-0.25223369],
       [-1.44989748]]), array([[-0.34029767],
       [-0.22547857],
       [-1.44009284]]), array([[-0.27665032],
       [-0.14506411],
       [-1.45728581]]), array([[-0.19062711],
       [-0.03446325],
       [-1.50158961]]), array([[-0.13141773],
       [ 0.06603517],
       [-1.52947884]]), array([[-0.06030719],
       [ 0.16297589],
       [-1.55168974]]), array([[-0.01975488],
       [ 0.23087668],
       [-1.5624261 ]]), array([[-0.01613485],
       [ 0.25709951],
       [-1.54433091]]), array([[-0.01426526],
       [ 0.28436714],
       [-1.52831562]]), array([[-0.02482751],
       [ 0.29639605],
       [-1.53046805]]), array([[-0.02495134],
       [ 0.31634936],
       [-1.53914046]]), array([[ 0.00296561],
       [ 0.37033876],
       [-1.54675532]]), array([[ 0.03998478],
       [ 0.41564232],
       [-1.5596886 ]]), array([[ 0.07253821],
       [ 0.44949988],
       [-1.57830549]]), array([[ 0.0932272 ],
       [ 0.47168678],
       [-1.58725275]]), array([[ 0.13444799],
       [ 0.51496441],
       [-1.60955647]]), array([[ 0.20862231],
       [ 0.57465094],
       [-1.67378456]]), array([[ 0.24914531],
       [ 0.59733479],
       [-1.70739672]]), array([[ 0.79517805],
       [ 0.54954455],
       [-1.61734232]]), array([[ 0.79260701],
       [ 0.54499478],
       [-1.63707904]]), array([[ 0.77639625],
       [ 0.54242129],
       [-1.63450903]]), array([[ 0.7999926 ],
       [ 0.54159898],
       [-1.62432628]]), array([[ 0.80325089],
       [ 0.52442421],
       [-1.62762542]]), array([[ 0.80237921],
       [ 0.51999749],
       [-1.62610625]]), array([[ 0.80697766],
       [ 0.51936215],
       [-1.63090873]]), array([[ 0.80206194],
       [ 0.50949187],
       [-1.63655958]]), array([[ 0.800737  ],
       [ 0.49734638],
       [-1.63321511]]), array([[ 0.78644762],
       [ 0.47979883],
       [-1.6547515 ]]), array([[ 0.77748142],
       [ 0.46472868],
       [-1.66860562]]), array([[ 0.76136637],
       [ 0.46426096],
       [-1.66990199]]), array([[ 0.74024573],
       [ 0.44313445],
       [-1.67626698]]), array([[ 0.70846412],
       [ 0.39178385],
       [-1.69897937]]), array([[ 0.70615998],
       [ 0.36589902],
       [-1.7158683 ]]), array([[ 0.71565222],
       [ 0.35243334],
       [-1.72521718]]), array([[ 0.70623336],
       [ 0.33191111],
       [-1.73963502]]), array([[ 0.70805279],
       [ 0.31509988],
       [-1.74961535]]), array([[ 0.69158989],
       [ 0.29873073],
       [-1.75487293]]), array([[ 0.67670039],
       [ 0.29646411],
       [-1.75221258]]), array([[ 0.65300176],
       [ 0.29402063],
       [-1.75199057]]), array([[ 0.60917306],
       [ 0.27939323],
       [-1.75532963]]), array([[ 0.57683793],
       [ 0.26420103],
       [-1.76053733]]), array([[ 0.55491986],
       [ 0.25335096],
       [-1.76508971]]), array([[ 0.53230057],
       [ 0.24816603],
       [-1.77085986]]), array([[ 0.50528741],
       [ 0.23692129],
       [-1.78224566]]), array([[ 0.46792977],
       [ 0.21709486],
       [-1.79610841]]), array([[ 0.30450974],
       [ 0.13077491],
       [-1.82475156]]), array([[ 0.18723995],
       [ 0.08179534],
       [-1.8323574 ]]), array([[ 0.12225542],
       [ 0.07541916],
       [-1.83301401]]), array([[ 0.07088285],
       [ 0.06748953],
       [-1.82999099]]), array([[ 0.0112771 ],
       [ 0.05464303],
       [-1.83428857]]), array([[-0.08886975],
       [ 0.02291716],
       [-1.83569132]]), array([[-1.94591043e-01],
       [-8.23318166e-04],
       [-1.82759817e+00]]), array([[-0.28569482],
       [-0.01843342],
       [-1.80841599]]), array([[-0.27691247],
       [-0.01343256],
       [-1.80028026]]), array([[-0.26595448],
       [-0.00396886],
       [-1.79860255]]), array([[-0.29480518],
       [-0.02299128],
       [-1.8145159 ]]), array([[-0.46407223],
       [-0.11266257],
       [-1.90236921]]), array([[-0.48667001],
       [-0.13449993],
       [-1.9469716 ]]), array([[-0.10533537],
       [ 0.06139322],
       [-0.30746532]]), array([[-0.22735634],
       [ 0.0192828 ],
       [-0.26811653]]), array([[-0.28989032],
       [-0.01009243],
       [-0.24344204]]), array([[-0.29753766],
       [ 0.0577734 ],
       [-0.24641837]]), array([[-0.29622533],
       [ 0.06750013],
       [-0.23606635]]), array([[-0.30097271],
       [ 0.06849978],
       [-0.22437765]]), array([[-0.29956219],
       [ 0.07719322],
       [-0.21932407]]), array([[-0.29647979],
       [ 0.09110394],
       [-0.22356223]]), array([[-0.28969558],
       [ 0.08884733],
       [-0.2327681 ]]), array([[-0.29102274],
       [ 0.07168448],
       [-0.22463625]]), array([[-0.29648711],
       [ 0.04326716],
       [-0.21310599]]), array([[-0.29826774],
       [ 0.0283374 ],
       [-0.21806003]]), array([[-0.30434792],
       [ 0.01359454],
       [-0.24208257]]), array([[-0.30789492],
       [-0.00186029],
       [-0.24940206]]), array([[-3.02236422e-01],
       [ 2.79331978e-04],
       [-2.50745536e-01]]), array([[-0.28957128],
       [ 0.04154499],
       [-0.25612429]]), array([[-0.27859784],
       [ 0.10382745],
       [-0.25469926]]), array([[-0.23538209],
       [ 0.14720814],
       [-0.23308201]]), array([[-0.16623736],
       [ 0.17949251],
       [-0.21631149]]), array([[-0.0738795 ],
       [ 0.22077985],
       [-0.21131951]]), array([[ 0.03745634],
       [ 0.23413225],
       [-0.19613511]]), array([[ 0.19457542],
       [ 0.19970522],
       [-0.16458712]]), array([[ 0.31900036],
       [ 0.15274282],
       [-0.16759771]]), array([[ 0.42158002],
       [ 0.10917641],
       [-0.18338362]]), array([[ 0.49300059],
       [ 0.06421951],
       [-0.18916107]]), array([[ 0.55467536],
       [ 0.05055289],
       [-0.174975  ]]), array([[ 0.60625825],
       [ 0.04111729],
       [-0.20791088]]), array([[ 0.60233175],
       [ 0.00883346],
       [-0.24441975]]), array([[ 0.58124403],
       [-0.02392411],
       [-0.23944121]]), array([[ 0.5558721 ],
       [-0.02131812],
       [-0.22178752]]), array([[ 0.54669828],
       [ 0.02958381],
       [-0.20871027]]), array([[ 0.53488398],
       [ 0.26707906],
       [-0.30993906]]))
tvecs : 

(array([[ 2.91853248],
       [-5.4363914 ],
       [27.52393868]]), array([[ 5.8707512 ],
       [-3.3421189 ],
       [27.18328282]]), array([[ 7.16206408],
       [-3.07135357],
       [27.08284267]]), array([[ 7.7961943 ],
       [-3.16690281],
       [26.91060757]]), array([[ 2.27713621],
       [-2.21717177],
       [23.88488292]]), array([[-1.19748586],
       [-2.71144668],
       [24.60996109]]), array([[-4.54449275],
       [-3.10646295],
       [25.27932302]]), array([[-6.82082382],
       [-3.23842344],
       [25.62059778]]), array([[-9.00210433],
       [-3.16366711],
       [25.84068647]]), array([[-10.22552293],
       [ -3.05244668],
       [ 25.99163841]]), array([[-11.57346784],
       [ -2.99104932],
       [ 26.12867151]]), array([[-13.38006482],
       [ -3.19323432],
       [ 26.31782667]]), array([[-14.80150435],
       [ -3.5365652 ],
       [ 26.35824527]]), array([[-16.067499  ],
       [ -3.75884541],
       [ 26.52243917]]), array([[-16.84076288],
       [ -3.75722207],
       [ 26.62161372]]), array([[-16.98525054],
       [ -3.23793335],
       [ 26.8546679 ]]), array([[-16.43418511],
       [ -1.57858011],
       [ 27.44473812]]), array([[-15.90312773],
       [ -0.43943662],
       [ 27.60269919]]), array([[-14.97600148],
       [  1.13004095],
       [ 27.68134078]]), array([[-14.34317543],
       [  1.75248025],
       [ 27.39017411]]), array([[-13.69481497],
       [  1.97186934],
       [ 27.01908212]]), array([[-12.69091424],
       [  2.37138261],
       [ 26.61320288]]), array([[-10.82688089],
       [  3.49369666],
       [ 25.87434794]]), array([[-9.26386976],
       [ 4.33164312],
       [25.0098833 ]]), array([[-8.12369715],
       [ 5.05386952],
       [23.86297815]]), array([[-7.39871483],
       [ 5.81176289],
       [22.60802721]]), array([[-6.98648506],
       [ 7.09212623],
       [21.3640168 ]]), array([[-6.94622655],
       [ 8.2719013 ],
       [20.61903879]]), array([[-7.03215996],
       [ 9.30969476],
       [20.10450793]]), array([[-5.77869917],
       [ 9.10124276],
       [20.14927599]]), array([[-4.6817175 ],
       [ 8.62194726],
       [20.55427862]]), array([[-3.23224804],
       [ 8.06334297],
       [21.09644578]]), array([[-2.22448143],
       [ 7.6462887 ],
       [21.46057658]]), array([[-0.80788696],
       [ 7.59290591],
       [20.70954464]]), array([[-0.56527275],
       [ 7.89518828],
       [20.09885181]]), array([[ 0.21351054],
       [ 7.34066032],
       [21.40469823]]), array([[ 0.23366413],
       [ 5.34718288],
       [23.26009899]]), array([[-0.05110909],
       [ 3.95352229],
       [25.84884745]]), array([[-0.06672816],
       [ 2.34195387],
       [27.56722467]]), array([[ 0.14191345],
       [ 0.50402954],
       [28.08815806]]), array([[ 0.21559263],
       [-0.28116321],
       [28.07672366]]), array([[ 0.17730077],
       [-0.89048026],
       [27.9793711 ]]), array([[ 0.1168236 ],
       [-1.30819286],
       [27.91044983]]), array([[ 0.22270664],
       [-1.5316806 ],
       [27.80968915]]), array([[ 0.60990192],
       [-1.86249751],
       [27.74784896]]), array([[ 1.32066104],
       [-2.38166764],
       [27.59067799]]), array([[ 1.76650874],
       [-2.72356886],
       [27.38705972]]), array([[ 1.96331497],
       [-3.23485118],
       [26.9720094 ]]), array([[ 2.38130476],
       [-3.31735172],
       [26.60184883]]), array([[ 3.32795776],
       [-3.2681837 ],
       [26.47823333]]), array([[ 3.9644005 ],
       [-3.59972877],
       [25.86586183]]), array([[ 4.33675451],
       [-3.88555141],
       [24.8492628 ]]), array([[-7.72546132],
       [-7.17500583],
       [28.16280381]]), array([[-8.21813507],
       [-5.77041124],
       [28.95535381]]), array([[-8.77103622],
       [-4.71211449],
       [29.31479028]]), array([[-9.05046258],
       [-4.1353564 ],
       [29.33790345]]), array([[-9.74664789],
       [-3.51848621],
       [29.26387276]]), array([[-9.89722506],
       [-3.39977657],
       [29.23186549]]), array([[-10.8634983 ],
       [ -1.82655864],
       [ 28.59864501]]), array([[-10.94860553],
       [ -1.37798782],
       [ 28.40274028]]), array([[-10.95638961],
       [ -0.97432259],
       [ 28.18814606]]), array([[-10.41692328],
       [  0.25771575],
       [ 27.15762913]]), array([[-9.3373102 ],
       [ 1.09027382],
       [25.88476984]]), array([[-8.19456305],
       [ 1.423677  ],
       [25.17094241]]), array([[-6.1199709 ],
       [ 1.60457968],
       [24.92896557]]), array([[-4.41581475],
       [ 1.51588839],
       [24.91241369]]), array([[-2.7628948 ],
       [ 1.20644471],
       [24.88168087]]), array([[-1.69410239],
       [ 1.06527305],
       [24.77377449]]), array([[-0.50785817],
       [ 0.67169998],
       [24.53791019]]), array([[ 0.4380271 ],
       [ 0.43133637],
       [24.15581741]]), array([[ 1.5804929 ],
       [ 0.28238411],
       [23.95981325]]), array([[ 1.92473454],
       [ 0.14418175],
       [24.08418162]]), array([[ 1.35439738],
       [ 0.13138917],
       [24.64532094]]), array([[ 0.55163191],
       [ 0.41930118],
       [24.96031747]]), array([[ 0.09387101],
       [ 0.8418927 ],
       [25.94234323]]), array([[ 0.13539273],
       [ 1.54588891],
       [27.08671975]]), array([[-0.03324204],
       [ 1.56382933],
       [27.15028734]]), array([[-0.51255937],
       [ 0.08811561],
       [26.82877936]]), array([[-0.58528927],
       [-0.26427451],
       [26.32674759]]), array([[-0.70214766],
       [-0.05697088],
       [26.35935566]]), array([[-0.89855923],
       [-0.87734769],
       [26.50765397]]), array([[-0.98621483],
       [-1.01360461],
       [25.98739958]]), array([[-0.58418375],
       [-0.80340321],
       [24.75782285]]), array([[ 0.02669359],
       [-1.20128328],
       [23.25965746]]), array([[ 0.75850315],
       [-1.69403586],
       [22.20550666]]), array([[ 1.04844204],
       [-2.15049673],
       [21.06968503]]), array([[ 1.03431687],
       [-2.25356562],
       [19.97440529]]), array([[ 0.96286472],
       [-2.31786309],
       [19.55263366]]), array([[ 0.90696111],
       [-2.24669594],
       [19.30530371]]), array([[ 0.98814723],
       [-2.11692057],
       [18.94004456]]), array([[ 1.02619551],
       [-1.86010397],
       [18.35482815]]), array([[ 0.95054719],
       [-1.78139771],
       [18.22898844]]), array([[ 0.43627135],
       [-1.60374395],
       [18.14628834]]), array([[-0.30147448],
       [-1.19980119],
       [18.25796076]]), array([[-2.59867549],
       [-0.5390386 ],
       [18.151509  ]]), array([[-4.61342071e+00],
       [ 1.50697717e-03],
       [ 1.77551688e+01]]), array([[-6.06929711],
       [ 0.79163099],
       [17.34890627]]), array([[-7.38417237],
       [ 1.74689212],
       [17.10084325]]), array([[-8.43035992],
       [ 2.48477241],
       [16.77296498]]), array([[-9.2945675 ],
       [ 2.97945493],
       [16.27267362]]), array([[-9.60334977],
       [ 3.28857529],
       [15.91363687]]), array([[-8.31347685],
       [ 4.71565351],
       [15.23706365]]), array([[-7.97466686],
       [ 3.87050122],
       [16.04767406]]), array([[-7.42955467],
       [ 3.25846918],
       [16.88248054]]), array([[-7.30230896],
       [ 2.35215561],
       [17.68268614]]), array([[-7.3973355 ],
       [ 1.85733885],
       [18.18420868]]), array([[-7.52624884],
       [ 1.66852176],
       [18.62127897]]), array([[-7.67465883],
       [ 1.52251998],
       [18.82588083]]), array([[-7.66252655],
       [ 1.75732434],
       [18.97603052]]), array([[-7.54481667],
       [ 2.87870243],
       [19.20680435]]), array([[-7.47167405],
       [ 3.88099707],
       [19.76958733]]), array([[-7.44692223],
       [ 4.5769055 ],
       [20.39145437]]), array([[-7.35914904],
       [ 5.25509514],
       [21.07445645]]), array([[-7.22481502],
       [ 6.22046898],
       [21.81778491]]), array([[-7.10289602],
       [ 6.96859972],
       [21.97946458]]), array([[-7.0799601 ],
       [ 7.5996745 ],
       [22.10724732]]), array([[-7.11105777],
       [ 7.98030195],
       [22.2186703 ]]), array([[-7.13681403],
       [ 8.26111348],
       [22.32135697]]), array([[-7.20037652],
       [ 8.55910119],
       [22.36337401]]), array([[-7.53629106],
       [ 8.91339323],
       [22.27119507]]), array([[-8.0184326 ],
       [ 9.20640866],
       [21.964098  ]]), array([[-8.62053932],
       [ 9.41924704],
       [21.65147373]]), array([[-8.96368702],
       [ 9.38401625],
       [21.59333799]]), array([[-9.42955744],
       [ 9.21114391],
       [21.60073517]]), array([[-10.13276297],
       [  9.07199663],
       [ 21.75781499]]), array([[-10.76327987],
       [  8.98715443],
       [ 21.86166957]]), array([[-11.58254948],
       [  8.99258018],
       [ 21.62922383]]), array([[-12.19901907],
       [  9.02484132],
       [ 21.4499331 ]]), array([[-12.73119117],
       [  9.10708259],
       [ 21.42678909]]), array([[-12.63111701],
       [  9.12254344],
       [ 21.63684792]]), array([[-11.68782816],
       [  8.87522223],
       [ 21.80863549]]), array([[-9.87889382],
       [ 8.13108225],
       [21.75313425]]), array([[-8.80395106],
       [ 7.68392253],
       [21.68482633]]), array([[-7.17532373],
       [ 7.28073074],
       [21.54701196]]), array([[-6.09274436],
       [ 7.13149829],
       [21.41933521]]), array([[-5.10591075],
       [ 6.97220357],
       [21.32395924]]), array([[-4.42105145],
       [ 6.77638079],
       [21.23431723]]), array([[-3.47328924],
       [ 6.24319945],
       [21.0502404 ]]), array([[-2.80027584],
       [ 5.70710467],
       [20.94742158]]), array([[-1.72408076],
       [ 4.8548375 ],
       [20.7756501 ]]), array([[-0.78131183],
       [ 4.29062765],
       [20.54643798]]), array([[ 0.07064787],
       [ 3.92977282],
       [20.29629601]]), array([[ 0.83744234],
       [ 3.60713262],
       [20.02743944]]), array([[ 1.7063034 ],
       [ 3.12468075],
       [19.86712993]]), array([[ 2.41477038],
       [ 2.70632404],
       [19.82393383]]), array([[ 3.03425286],
       [ 2.37238898],
       [19.85217539]]), array([[ 3.26613789],
       [ 2.30681248],
       [20.05446918]]), array([[ 3.32987974],
       [ 2.48028319],
       [20.35723212]]), array([[ 3.3649764 ],
       [ 2.58787218],
       [20.70528891]]), array([[ 3.14799574],
       [ 2.39015799],
       [20.92853547]]), array([[ 2.70424595],
       [ 1.95921474],
       [20.94730729]]), array([[ 2.08389806],
       [ 1.5017133 ],
       [20.90177394]]), array([[ 1.38063974],
       [ 0.94346297],
       [20.95988864]]), array([[ 0.93151555],
       [ 0.51640969],
       [20.89577422]]), array([[ 0.61233258],
       [ 0.19203473],
       [20.65965081]]), array([[ 3.41880599e-01],
       [-9.39447754e-03],
       [ 2.04372071e+01]]), array([[ 0.11999724],
       [-0.2463295 ],
       [20.05025723]]), array([[-0.05141549],
       [-0.63752796],
       [19.5513038 ]]), array([[-0.09655498],
       [-1.00172348],
       [19.12885986]]), array([[ 0.03110744],
       [-1.17325549],
       [18.83281695]]), array([[ 0.27105577],
       [-1.39118388],
       [18.65334024]]), array([[ 0.3535818 ],
       [-1.88058559],
       [18.5397796 ]]), array([[-8.47398412],
       [-5.554359  ],
       [26.50864079]]), array([[-9.73291787],
       [-5.59270114],
       [26.74301221]]), array([[-9.60994465],
       [-5.66573895],
       [26.81266718]]), array([[-9.55954676],
       [-5.63889213],
       [26.87064415]]), array([[-9.86511437],
       [-5.63313938],
       [26.79639399]]), array([[-10.1024964 ],
       [ -5.59041404],
       [ 26.7975569 ]]), array([[-10.37740114],
       [ -5.50696614],
       [ 26.8329678 ]]), array([[-10.63774911],
       [ -5.4141691 ],
       [ 26.81196251]]), array([[-11.10356205],
       [ -5.35043114],
       [ 26.76180536]]), array([[-11.55209862],
       [ -5.39799025],
       [ 26.76007859]]), array([[-11.56987325],
       [ -5.47666409],
       [ 26.53478887]]), array([[-11.40059694],
       [ -5.22893224],
       [ 26.06435728]]), array([[-10.97253888],
       [ -4.56186141],
       [ 25.5916458 ]]), array([[-10.33254107],
       [ -3.68404203],
       [ 24.95569237]]), array([[-9.77429903],
       [-2.85140263],
       [24.25575971]]), array([[-9.15169897],
       [-1.99887749],
       [23.37965082]]), array([[-8.59930999],
       [-1.4995454 ],
       [22.67297464]]), array([[-8.10836981],
       [-1.08406239],
       [21.97575039]]), array([[-7.68894204],
       [-0.63255091],
       [21.1611063 ]]), array([[-7.35353146],
       [-0.08281208],
       [20.30079234]]), array([[-7.00656545],
       [ 0.50750933],
       [19.37603284]]), array([[-6.54272333],
       [ 1.25800413],
       [17.9977889 ]]), array([[-6.12562332],
       [ 1.91453751],
       [16.70634422]]), array([[-5.68166849],
       [ 2.50983986],
       [15.45157149]]), array([[-5.27581483],
       [ 2.92907628],
       [14.38948711]]), array([[-4.84533036],
       [ 3.21273268],
       [13.50921049]]), array([[-4.41359605],
       [ 3.39195453],
       [12.68680677]]), array([[-3.77188642],
       [ 3.56495159],
       [11.39832365]]), array([[-3.28342283],
       [ 3.55204292],
       [10.4353687 ]]), array([[-2.86566433],
       [ 3.50885664],
       [ 9.95532474]]), array([[-2.52463578],
       [ 3.42054659],
       [ 9.99954856]]), array([[-2.21981726],
       [ 3.19156432],
       [10.37326037]]), array([[-1.81809526],
       [ 2.75198739],
       [10.70427854]]), array([[-1.38804554],
       [ 2.31791915],
       [11.05817547]]), array([[-1.01501895],
       [ 1.71721607],
       [11.67506388]]), array([[-1.03912314],
       [ 1.5325058 ],
       [11.88664118]]), array([[-1.09308049],
       [ 1.35692378],
       [12.34472919]]), array([[-1.18673668],
       [ 1.09406376],
       [13.11972791]]), array([[-1.45529223],
       [ 0.30547203],
       [14.64931978]]), array([[-1.77511624e+00],
       [ 5.91634509e-03],
       [ 1.52513563e+01]]), array([[-2.43033755],
       [-8.56986285],
       [23.9480593 ]]), array([[-0.94925502],
       [-6.63195642],
       [24.38064136]]), array([[-0.15716649],
       [-6.53407964],
       [24.32273071]]), array([[-0.07420155],
       [-6.19275891],
       [23.90946647]]), array([[-0.14833482],
       [-5.8153069 ],
       [23.75649339]]), array([[-0.13035255],
       [-5.70696536],
       [23.65461605]]), array([[-0.18653848],
       [-5.56822847],
       [23.49598161]]), array([[-0.26813622],
       [-5.39376484],
       [23.34299874]]), array([[ 6.42730569e-03],
       [-5.08307965e+00],
       [ 2.31179176e+01]]), array([[ 0.62534084],
       [-4.90418996],
       [22.97231062]]), array([[ 1.33082541],
       [-4.90698122],
       [22.82462837]]), array([[ 2.12516346],
       [-4.94156204],
       [22.60660176]]), array([[ 3.30867086],
       [-4.89503956],
       [22.33098986]]), array([[ 4.19403052],
       [-4.91823531],
       [22.25917794]]), array([[ 4.35592662],
       [-5.14591578],
       [22.5741253 ]]), array([[ 3.57104418],
       [-5.46198966],
       [23.02435992]]), array([[ 2.17200015],
       [-5.80941865],
       [23.59049847]]), array([[ 0.06966903],
       [-6.47666064],
       [24.46169187]]), array([[-1.6953271 ],
       [-7.27426756],
       [25.15150142]]), array([[-3.32654529],
       [-7.96929248],
       [25.77652935]]), array([[-4.683293  ],
       [-8.50928416],
       [26.42145017]]), array([[-5.84531374],
       [-9.0803538 ],
       [27.16887997]]), array([[-6.44529502],
       [-9.32413176],
       [27.56545109]]), array([[-6.89877296],
       [-9.47039601],
       [27.81322798]]), array([[-7.41960235],
       [-9.6991009 ],
       [28.00511625]]), array([[ -8.28085018],
       [-10.14769527],
       [ 28.21676886]]), array([[ -9.46035036],
       [-10.78450472],
       [ 28.38491154]]), array([[-10.10511789],
       [-11.36273954],
       [ 28.4709584 ]]), array([[-10.72609997],
       [-11.97468977],
       [ 28.65350043]]), array([[-11.91133563],
       [-12.57124209],
       [ 29.09934018]]), array([[-13.54222936],
       [-13.1284805 ],
       [ 29.58259967]]), array([[-14.70949409],
       [-13.2641076 ],
       [ 30.80544114]]))



#### BACK CAMERA VALUES

Camera matrix : 

[[503.90268761   0.         292.65669506]
 [  0.         505.15203636 310.66430194]
 [  0.           0.           1.        ]]
dist : 

[[-0.32932951  0.09476052 -0.01809006  0.00355186 -0.01064685]]
rvecs : 

(array([[ 0.26598143],
       [-0.45131264],
       [-1.57214553]]), array([[ 0.27016423],
       [-0.44984909],
       [-1.56905817]]), array([[ 0.27099047],
       [-0.45468692],
       [-1.57065428]]), array([[ 0.27193435],
       [-0.45982477],
       [-1.57327653]]), array([[ 0.26691932],
       [-0.47028859],
       [-1.57744846]]), array([[ 0.25190136],
       [-0.46382838],
       [-1.57527942]]), array([[ 0.23338398],
       [-0.44614807],
       [-1.57801226]]), array([[ 0.19973927],
       [-0.41309848],
       [-1.57746263]]), array([[ 0.151976  ],
       [-0.38607815],
       [-1.54818293]]), array([[ 0.12299003],
       [-0.3626789 ],
       [-1.5085691 ]]), array([[ 0.07805661],
       [-0.34185005],
       [-1.42572725]]), array([[ 0.03591526],
       [-0.32752208],
       [-1.34585105]]), array([[ 0.01155128],
       [-0.3028384 ],
       [-1.28424398]]), array([[-0.0020401 ],
       [-0.29023823],
       [-1.23910284]]), array([[-0.01763982],
       [-0.27298532],
       [-1.17762181]]), array([[-0.03305455],
       [-0.25283908],
       [-1.11542422]]), array([[-0.04309209],
       [-0.2469643 ],
       [-1.06271219]]), array([[-0.0434751 ],
       [-0.2564046 ],
       [-1.02353925]]), array([[-0.04978354],
       [-0.28399922],
       [-0.95461067]]), array([[-0.06133543],
       [-0.30544857],
       [-0.89183791]]), array([[-0.06988067],
       [-0.30012607],
       [-0.88295843]]), array([[-0.06702371],
       [-0.29359688],
       [-0.95854049]]), array([[-0.06853848],
       [-0.33594916],
       [-1.08126029]]), array([[-0.07449765],
       [-0.39798773],
       [-1.23342905]]), array([[-0.05452261],
       [-0.42525703],
       [-1.40124812]]), array([[-0.03709024],
       [-0.43375889],
       [-1.53516745]]), array([[-0.02489283],
       [-0.44536209],
       [-1.64652757]]), array([[-0.02911   ],
       [-0.45369319],
       [-1.74818562]]), array([[-0.04968096],
       [-0.45060395],
       [-1.8402358 ]]), array([[-0.1046631 ],
       [-0.48673021],
       [-1.89526336]]), array([[-0.16572101],
       [-0.54420829],
       [-1.91014919]]), array([[-0.20870109],
       [-0.57321291],
       [-1.92077783]]), array([[-0.25168322],
       [-0.56531279],
       [-1.95390541]]), array([[-0.30042189],
       [-0.51471656],
       [-1.98492911]]), array([[-0.34315938],
       [-0.44122289],
       [-2.00306781]]), array([[-0.37777888],
       [-0.35127614],
       [-1.98489696]]), array([[-0.4613196 ],
       [-0.29965429],
       [-1.93831938]]), array([[-0.59757043],
       [-0.29736828],
       [-1.88542321]]), array([[-0.69522423],
       [-0.29462433],
       [-1.84643201]]), array([[-0.73274132],
       [-0.29842415],
       [-1.82198491]]), array([[-0.73324805],
       [-0.29626021],
       [-1.8129442 ]]), array([[-0.7622493 ],
       [-0.29835885],
       [-1.79094181]]), array([[-0.80535991],
       [-0.29841183],
       [-1.75443416]]), array([[-0.81161152],
       [-0.28816528],
       [-1.73169375]]), array([[-0.76327133],
       [-0.27169763],
       [-1.71770499]]), array([[-0.66684507],
       [-0.25485474],
       [-1.70985468]]), array([[-0.5384799 ],
       [-0.25568044],
       [-1.68430243]]), array([[-0.45685414],
       [-0.29216721],
       [-1.65410299]]), array([[-0.39824013],
       [-0.34382874],
       [-1.64008774]]), array([[-0.35250821],
       [-0.40008429],
       [-1.63924568]]), array([[-0.30803219],
       [-0.41765349],
       [-1.64233818]]), array([[-0.26772433],
       [-0.43449468],
       [-1.63880022]]), array([[-0.21587687],
       [-0.44754985],
       [-1.62845668]]), array([[-0.13810394],
       [-0.44454272],
       [-1.62131368]]), array([[-0.04051035],
       [-0.46160548],
       [-1.6144076 ]]), array([[ 0.04833938],
       [-0.47476741],
       [-1.60095087]]), array([[ 0.18528287],
       [-0.43219894],
       [-1.54984007]]), array([[ 0.24982173],
       [-0.42691002],
       [-1.51139912]]), array([[ 0.30580476],
       [-0.43238888],
       [-1.48662792]]), array([[ 0.49690982],
       [-0.46136418],
       [-1.48203837]]), array([[ 0.66020613],
       [-0.5744263 ],
       [-1.49549067]]), array([[ 0.78535707],
       [-0.56455746],
       [-1.62167918]]), array([[ 0.83700316],
       [-0.59842343],
       [-1.64317674]]), array([[ 0.45235111],
       [-0.6106118 ],
       [-1.40136112]]), array([[ 0.34830935],
       [-0.41844938],
       [-1.36109419]]), array([[ 0.16377983],
       [-0.29693512],
       [-1.36926197]]), array([[ 0.08263946],
       [-0.22482927],
       [-1.36283808]]), array([[-0.07882575],
       [-0.22101607],
       [-1.36734276]]), array([[-0.09257947],
       [-0.19733747],
       [-1.38691362]]), array([[-0.10286578],
       [-0.15555714],
       [-1.46949858]]), array([[-0.13804369],
       [-0.15906244],
       [-1.58325612]]), array([[-0.1487938 ],
       [-0.21048095],
       [-1.7377678 ]]), array([[-0.12796682],
       [-0.19696489],
       [-1.87495832]]), array([[-0.12879123],
       [-0.13654759],
       [-1.55145508]]), array([[-0.16602224],
       [-0.26120931],
       [-1.51025968]]), array([[-0.12183592],
       [-0.23778114],
       [-1.57479193]]), array([[-0.0580598 ],
       [-0.21063361],
       [-1.59882807]]), array([[-0.04180581],
       [-0.20787417],
       [-1.606185  ]]), array([[-0.03264811],
       [-0.2055836 ],
       [-1.61404148]]), array([[-0.03112796],
       [-0.35890544],
       [-2.02617733]]), array([[-0.03961195],
       [-0.39928245],
       [-1.99400396]]), array([[-0.02676299],
       [-0.44417468],
       [-2.05157507]]), array([[-0.03616604],
       [-0.50405571],
       [-2.07287284]]), array([[-0.06867345],
       [-0.52102079],
       [-2.04439761]]), array([[-0.05669476],
       [-0.53163228],
       [-2.05085896]]), array([[-0.04539068],
       [-0.54386674],
       [-2.05497159]]), array([[-0.03325946],
       [-0.54889476],
       [-2.05602615]]), array([[-0.03877905],
       [-0.56861176],
       [-2.06310855]]), array([[-0.04045877],
       [-0.58893901],
       [-2.05482411]]), array([[-0.0201069 ],
       [-0.59029111],
       [-2.01915204]]), array([[-4.47977230e-04],
       [-5.41372069e-01],
       [-1.97470821e+00]]), array([[ 0.03244626],
       [-0.47222689],
       [-1.92563445]]), array([[ 0.10651752],
       [-0.34902145],
       [-1.87490241]]), array([[ 0.16945559],
       [-0.18602496],
       [-1.85202799]]), array([[-0.18527913],
       [-0.22135598],
       [-1.91221454]]))
tvecs : 

(array([[-10.69849671],
       [ -1.21783115],
       [ 17.89122467]]), array([[-10.3064736 ],
       [ -1.13259499],
       [ 17.7453857 ]]), array([[-9.92511701],
       [-1.14150257],
       [17.67933695]]), array([[-9.49649048],
       [-1.17445805],
       [17.58321555]]), array([[-9.07755044],
       [-1.22085556],
       [17.54588727]]), array([[-8.56918939],
       [-1.29288243],
       [17.63361657]]), array([[-8.03301896],
       [-1.37606814],
       [17.68243865]]), array([[-7.67388882],
       [-1.35311555],
       [17.82523577]]), array([[-7.43414137],
       [-1.5416527 ],
       [17.97407012]]), array([[-7.22619636],
       [-1.78936532],
       [18.1724212 ]]), array([[-6.87821712],
       [-2.23072057],
       [18.61864806]]), array([[-6.45128675],
       [-2.69004113],
       [19.11113548]]), array([[-5.99116042],
       [-3.02117279],
       [19.52088693]]), array([[-5.63407521],
       [-3.24279118],
       [19.75138895]]), array([[-5.17751634],
       [-3.59121608],
       [20.0408092 ]]), array([[-4.80421631],
       [-3.93211981],
       [20.33425101]]), array([[-4.44947418],
       [-4.22473274],
       [20.55321023]]), array([[-4.14420567],
       [-4.40233872],
       [20.66381051]]), array([[-3.71669146],
       [-4.71776026],
       [20.87130723]]), array([[-3.27626388],
       [-5.0117275 ],
       [21.10674856]]), array([[-3.00514734],
       [-5.08174742],
       [21.23506743]]), array([[-2.91969596],
       [-4.86182907],
       [21.16064783]]), array([[-3.10223869],
       [-4.45185285],
       [20.87769449]]), array([[-3.33567399],
       [-3.90535118],
       [20.478514  ]]), array([[-3.56181588],
       [-2.96806867],
       [20.02866237]]), array([[-3.61234895],
       [-1.93918622],
       [19.51737401]]), array([[-3.35991854],
       [-1.06917819],
       [18.96875193]]), array([[-2.82075508],
       [-0.41232956],
       [18.57521074]]), array([[-2.22732372],
       [ 0.16225982],
       [18.38551242]]), array([[-1.69357979],
       [ 0.28407544],
       [18.19562749]]), array([[-1.19508005],
       [-0.22048596],
       [17.9474357 ]]), array([[-0.7015424 ],
       [-0.55462713],
       [17.82195841]]), array([[ 0.23858097],
       [-0.48747865],
       [17.71273491]]), array([[ 1.26791461],
       [-0.07931932],
       [17.69890846]]), array([[ 2.16470132],
       [ 0.30643118],
       [17.81626411]]), array([[ 2.83549724],
       [ 0.35621418],
       [18.19792008]]), array([[3.30728302e+00],
       [2.96297679e-03],
       [1.86808108e+01]]), array([[ 3.79897555],
       [-0.48155574],
       [19.12194175]]), array([[ 4.27454487],
       [-0.92653457],
       [19.45805821]]), array([[ 4.45319772],
       [-1.19528696],
       [19.47918758]]), array([[ 4.64954327],
       [-1.22264435],
       [19.46021785]]), array([[ 4.83816454],
       [-1.36298832],
       [19.53528254]]), array([[ 4.9996203 ],
       [-1.54511506],
       [19.64985694]]), array([[ 5.15104036],
       [-1.59368673],
       [19.73489661]]), array([[ 5.15714632],
       [-1.44880462],
       [19.68040259]]), array([[ 5.0402489 ],
       [-1.26642045],
       [19.6750444 ]]), array([[ 4.873457  ],
       [-1.24908002],
       [20.14621533]]), array([[ 4.46794798],
       [-1.42174092],
       [20.83400036]]), array([[ 3.79461891],
       [-1.09835115],
       [21.679693  ]]), array([[ 2.58130721],
       [-0.44377119],
       [22.60783152]]), array([[ 1.48086101],
       [-0.05353442],
       [23.22250386]]), array([[ 0.31469568],
       [ 0.48060309],
       [23.8676047 ]]), array([[-0.89549668],
       [ 0.98741555],
       [24.62413838]]), array([[-2.03733301],
       [ 1.56891317],
       [25.55539148]]), array([[-3.10993644],
       [ 2.40234653],
       [27.03386493]]), array([[-3.80617778],
       [ 2.94848659],
       [28.36471478]]), array([[-4.51229066],
       [ 3.51460424],
       [29.29275013]]), array([[-5.1398382 ],
       [ 4.33779196],
       [29.89054189]]), array([[-5.34838729],
       [ 5.33788176],
       [30.82580286]]), array([[-4.22192287],
       [ 6.12354645],
       [31.63465088]]), array([[-2.74355098],
       [ 6.87271106],
       [33.80333489]]), array([[-0.99813896],
       [ 7.91886615],
       [38.15138305]]), array([[ 0.44038795],
       [ 7.77903774],
       [38.40195944]]), array([[ 0.13874401],
       [ 8.56970605],
       [34.80351426]]), array([[-2.60124598],
       [ 8.39388187],
       [33.43527849]]), array([[-5.7608734 ],
       [ 7.84123904],
       [32.24647191]]), array([[-8.00327199],
       [ 7.14176775],
       [31.37287143]]), array([[-10.91196412],
       [  6.50221535],
       [ 30.39287981]]), array([[-11.8883073 ],
       [  6.49901474],
       [ 30.15242913]]), array([[-13.18017462],
       [  6.85225046],
       [ 29.77762715]]), array([[-13.84275566],
       [  7.36277166],
       [ 29.21576244]]), array([[-14.2357732 ],
       [  8.19623721],
       [ 28.22528747]]), array([[-14.30240843],
       [  9.26214491],
       [ 27.38992732]]), array([[-5.23565176],
       [ 5.42345635],
       [16.37601143]]), array([[-5.61404101],
       [ 1.84298385],
       [12.08267197]]), array([[-5.96676512],
       [ 0.83575323],
       [12.45202752]]), array([[-6.05971685],
       [-0.30954465],
       [12.73015006]]), array([[-6.19754059],
       [-0.55865947],
       [12.84720193]]), array([[-6.23833102],
       [-0.83071258],
       [13.05086115]]), array([[-2.67805345],
       [ 0.32219874],
       [16.15342178]]), array([[-1.08580556],
       [-0.34075003],
       [16.55538557]]), array([[ 0.1221409 ],
       [ 0.09809332],
       [16.29881385]]), array([[ 1.73241953],
       [ 1.5269361 ],
       [16.26244464]]), array([[ 3.42185117],
       [ 1.9251189 ],
       [16.63144912]]), array([[ 4.59173013],
       [ 2.22069291],
       [16.91987678]]), array([[ 5.13921974],
       [ 2.35506251],
       [16.91776451]]), array([[ 5.71545576],
       [ 2.48300398],
       [16.98717797]]), array([[ 6.4333504 ],
       [ 2.54971133],
       [17.10214431]]), array([[ 7.2730451 ],
       [ 2.52422418],
       [17.30587858]]), array([[ 7.53440902],
       [ 2.49549785],
       [17.43187837]]), array([[ 6.72517019],
       [ 2.65114464],
       [17.63068065]]), array([[ 5.23223631],
       [ 2.99772174],
       [17.80424027]]), array([[ 2.99690723],
       [ 3.60705623],
       [18.32010457]]), array([[-0.47932183],
       [ 4.16104043],
       [18.9740162 ]]), array([[-4.8966704 ],
       [ 4.67179223],
       [18.77038017]]))



       [[518.46826965   0.         313.48418874]
 [  0.         515.96324028 286.51275672]
 [  0.           0.           1.        ]]
dist : 

[[-0.40389561  0.31334002 -0.01130759 -0.00473899 -0.18921275]]


## front camera calibration:

[[551.04529662   0.         327.64091917]
 [  0.         550.27125544 246.15117314]
 [  0.           0.           1.        ]]
dist : 

[[-0.39537017  0.20588545  0.00076589 -0.00108833 -0.05813792]]
rvecs : 

(array([[-0.16241841],
       [-0.14894506],
       [-1.77911217]]), array([[-0.13777299],
       [-0.13064364],
       [-1.78926312]]), array([[-0.1473312 ],
       [-0.13476316],
       [-1.80946247]]), array([[-0.14933037],
       [-0.14397544],
       [-1.81014007]]), array([[-0.15512254],
       [-0.16227123],
       [-1.81301488]]), array([[-0.15563663],
       [-0.17015906],
       [-1.81388095]]), array([[-0.15446371],
       [-0.17411037],
       [-1.81406443]]), array([[-0.15049906],
       [-0.18076664],
       [-1.81998138]]), array([[-0.1236401 ],
       [-0.21408618],
       [-1.84549018]]), array([[-0.07566685],
       [-0.26642549],
       [-1.89328598]]), array([[-0.03734557],
       [-0.32714983],
       [-1.98843997]]), array([[-0.0399838 ],
       [-0.37220382],
       [-2.05348485]]), array([[-0.02462971],
       [-0.3989655 ],
       [-2.08455978]]), array([[-0.00901687],
       [-0.41734582],
       [-2.09875315]]), array([[-0.00300379],
       [-0.41589842],
       [-2.1041046 ]]), array([[ 0.00661991],
       [-0.39684435],
       [-2.06599801]]), array([[-7.59027727e-04],
       [-3.73681341e-01],
       [-2.00144953e+00]]), array([[-0.0285209 ],
       [-0.34402131],
       [-1.90769205]]), array([[-0.05832837],
       [-0.31456509],
       [-1.84457356]]), array([[-0.09194428],
       [-0.2733581 ],
       [-1.78791181]]), array([[-0.12071788],
       [-0.23227039],
       [-1.74202515]]), array([[-0.15803686],
       [-0.22970225],
       [-1.70910358]]), array([[-0.20817055],
       [-0.23451926],
       [-1.66532982]]), array([[-0.27610218],
       [-0.26197864],
       [-1.6096643 ]]), array([[-0.31979153],
       [-0.28071587],
       [-1.57885576]]), array([[-0.35683967],
       [-0.28479489],
       [-1.5494523 ]]), array([[-0.3901539 ],
       [-0.28263555],
       [-1.52889531]]), array([[-0.42358266],
       [-0.31027552],
       [-1.50730999]]), array([[-0.43653053],
       [-0.35286893],
       [-1.50154464]]), array([[-0.47537762],
       [-0.3922829 ],
       [-1.51210104]]), array([[-0.52382323],
       [-0.41982453],
       [-1.51523994]]), array([[-0.55296508],
       [-0.44407112],
       [-1.51374408]]), array([[-0.57808872],
       [-0.46877384],
       [-1.51842834]]), array([[-0.58668724],
       [-0.49267628],
       [-1.51978098]]), array([[-0.58342723],
       [-0.51376938],
       [-1.52468516]]), array([[-0.59910873],
       [-0.54242842],
       [-1.5273076 ]]), array([[-0.61540155],
       [-0.57192874],
       [-1.52823824]]), array([[-0.62349986],
       [-0.58387557],
       [-1.53016208]]), array([[-0.55119838],
       [-0.3570159 ],
       [-1.56990286]]), array([[-0.37808654],
       [ 0.31912013],
       [-1.64887455]]), array([[-0.52435438],
       [ 0.71245254],
       [-1.42352792]]), array([[-0.53401795],
       [ 0.7056875 ],
       [-1.42180633]]), array([[-0.52657107],
       [ 0.69956487],
       [-1.42047039]]), array([[-0.52363225],
       [ 0.6864956 ],
       [-1.41812102]]), array([[-0.52684701],
       [ 0.66183744],
       [-1.41373927]]), array([[-0.52149075],
       [ 0.66419095],
       [-1.41688507]]), array([[-0.52508875],
       [ 0.66149786],
       [-1.41849819]]), array([[-0.52220252],
       [ 0.65760768],
       [-1.42106611]]), array([[-0.49584166],
       [ 0.63986678],
       [-1.43990486]]), array([[-0.46909043],
       [ 0.59756002],
       [-1.48773643]]), array([[-0.45655688],
       [ 0.55611411],
       [-1.51191716]]), array([[-0.44000503],
       [ 0.51666326],
       [-1.53009115]]), array([[-0.42643751],
       [ 0.48958479],
       [-1.55429811]]), array([[-0.41197888],
       [ 0.46987911],
       [-1.57327897]]), array([[-0.37774725],
       [ 0.44454812],
       [-1.60480084]]), array([[-0.34862116],
       [ 0.41454219],
       [-1.6538528 ]]), array([[-0.20074207],
       [ 0.05124202],
       [-1.69064752]]), array([[-0.13665949],
       [-0.01198755],
       [-1.69101697]]), array([[-0.18872125],
       [-0.09359406],
       [-1.68238796]]), array([[-0.17450435],
       [-0.12952264],
       [-1.67798367]]), array([[-0.19264345],
       [-0.14853673],
       [-1.66942126]]), array([[-0.19956858],
       [-0.15457772],
       [-1.6711787 ]]), array([[-0.20819076],
       [-0.16685884],
       [-1.67143241]]), array([[-0.2173451 ],
       [-0.18291188],
       [-1.67445295]]), array([[-0.23278107],
       [-0.21072747],
       [-1.67307442]]), array([[-0.24468749],
       [-0.23333193],
       [-1.67423063]]), array([[-0.26936113],
       [-0.24535645],
       [-1.67215074]]), array([[-0.28152252],
       [-0.25159407],
       [-1.66757055]]), array([[-0.27771691],
       [-0.25545569],
       [-1.67963774]]), array([[-0.28248235],
       [-0.29582829],
       [-1.69947313]]), array([[-0.29143369],
       [-0.35183689],
       [-1.72979028]]), array([[-0.2907529 ],
       [-0.38480177],
       [-1.73071869]]), array([[-0.28696345],
       [-0.38955192],
       [-1.73503212]]), array([[-0.28245761],
       [-0.38351915],
       [-1.74160995]]), array([[-0.28148697],
       [-0.36627633],
       [-1.74677207]]), array([[-0.27637176],
       [-0.35051202],
       [-1.7537446 ]]), array([[-0.2222127 ],
       [-0.30108627],
       [-1.76191103]]), array([[-0.18738771],
       [-0.27470644],
       [-1.76144532]]), array([[-0.18658491],
       [-0.28234827],
       [-1.75592948]]), array([[-0.20342789],
       [-0.31627569],
       [-1.76763749]]), array([[-0.21245134],
       [-0.33972687],
       [-1.77076496]]), array([[-0.21744964],
       [-0.34005454],
       [-1.77019701]]), array([[-0.20263476],
       [-0.30892924],
       [-1.77516428]]), array([[-0.21595991],
       [-0.273984  ],
       [-1.76758408]]), array([[-0.24941163],
       [-0.26257009],
       [-1.75589447]]), array([[-0.27378126],
       [-0.25201896],
       [-1.74136403]]), array([[-0.28162817],
       [-0.23223823],
       [-1.7321508 ]]), array([[-0.27119242],
       [-0.21958187],
       [-1.7256095 ]]), array([[-0.26622645],
       [-0.20017724],
       [-1.72417473]]), array([[-0.27353699],
       [-0.17541078],
       [-1.72818308]]), array([[-0.27758435],
       [-0.16354639],
       [-1.72878814]]), array([[-0.27804325],
       [-0.14709146],
       [-1.7291533 ]]), array([[-0.27950662],
       [-0.13689962],
       [-1.72789415]]), array([[-0.27550876],
       [-0.1281475 ],
       [-1.729331  ]]), array([[-0.25449683],
       [-0.10782362],
       [-1.71495692]]), array([[-0.21004513],
       [-0.07858041],
       [-1.67210774]]), array([[-0.17089962],
       [-0.06874265],
       [-1.61694449]]), array([[-0.13902707],
       [-0.0569171 ],
       [-1.55256602]]), array([[-0.09158614],
       [-0.04515587],
       [-1.44621515]]), array([[-0.07275173],
       [-0.04367979],
       [-1.35249441]]), array([[-0.05033512],
       [-0.03341564],
       [-1.28966334]]), array([[-0.01381655],
       [-0.01786582],
       [-1.22319945]]), array([[ 0.00397739],
       [-0.00134201],
       [-1.18388839]]), array([[ 0.01954364],
       [ 0.02752473],
       [-1.11788384]]), array([[ 0.08435972],
       [ 0.08078916],
       [-0.93535953]]), array([[ 0.09489402],
       [ 0.08562748],
       [-0.89475094]]), array([[ 0.08255338],
       [ 0.08534927],
       [-0.91746021]]), array([[ 0.01941487],
       [ 0.13074927],
       [-1.22153281]]), array([[-0.03383247],
       [ 0.14048191],
       [-1.43843215]]), array([[-0.06078025],
       [ 0.15756605],
       [-1.60587142]]), array([[-0.09721983],
       [ 0.18473129],
       [-1.81509455]]), array([[-0.14280707],
       [ 0.1820695 ],
       [-1.96870145]]), array([[-0.16689035],
       [ 0.18321203],
       [-2.05979711]]), array([[-0.18713552],
       [ 0.19131068],
       [-2.16244894]]), array([[-0.20240399],
       [ 0.19451451],
       [-2.23025049]]), array([[-0.2275697 ],
       [ 0.19698162],
       [-2.29298647]]), array([[-0.27404731],
       [ 0.19771439],
       [-2.39479578]]), array([[-0.31726454],
       [ 0.19088258],
       [-2.49068583]]), array([[-0.37826522],
       [ 0.1897926 ],
       [-2.61198574]]), array([[-0.39712016],
       [ 0.1869219 ],
       [-2.70740787]]), array([[-0.38337269],
       [ 0.19429344],
       [-2.82498257]]), array([[-0.37358714],
       [ 0.20404694],
       [-2.92743458]]), array([[ 0.42946006],
       [-0.23508   ],
       [ 3.09315388]]), array([[ 0.49760522],
       [-0.25411495],
       [ 2.92538039]]), array([[ 0.59293575],
       [-0.29342427],
       [ 2.73089566]]), array([[ 0.60959618],
       [-0.31802768],
       [ 2.58206387]]), array([[ 0.5426443 ],
       [-0.28651124],
       [ 2.49950218]]), array([[ 0.49826474],
       [-0.249677  ],
       [ 2.38642323]]), array([[ 0.55086461],
       [-0.25751651],
       [ 2.25097601]]), array([[ 0.56602978],
       [-0.2472754 ],
       [ 2.16834947]]), array([[-0.49656237],
       [-0.48506917],
       [-2.36389304]]), array([[-0.4463975 ],
       [-0.43619306],
       [-2.19180183]]), array([[-0.4319408 ],
       [-0.39385196],
       [-2.04030217]]), array([[-0.41406347],
       [-0.35611671],
       [-1.93696105]]), array([[-0.33249231],
       [-0.26782055],
       [-1.81446363]]), array([[-0.32174448],
       [-0.23016314],
       [-1.77610203]]), array([[-0.31653758],
       [-0.20703156],
       [-1.74943178]]), array([[-0.30066479],
       [-0.18110673],
       [-1.72849617]]), array([[-0.28126366],
       [-0.16375109],
       [-1.71190493]]), array([[-0.25603704],
       [-0.14857334],
       [-1.70316103]]), array([[-0.21693798],
       [-0.12361745],
       [-1.69066972]]), array([[-0.18892184],
       [-0.12497698],
       [-1.68200516]]), array([[-0.15804842],
       [-0.13814213],
       [-1.67074712]]), array([[-0.14089778],
       [-0.14801769],
       [-1.66658378]]), array([[-0.11773998],
       [-0.15299327],
       [-1.67068833]]), array([[-0.08474028],
       [-0.15889171],
       [-1.68730759]]), array([[-0.04665241],
       [-0.16378235],
       [-1.71380194]]), array([[-0.00774362],
       [-0.18775079],
       [-1.7518684 ]]), array([[ 0.00599642],
       [-0.21661946],
       [-1.77957687]]), array([[ 0.01895201],
       [-0.23555941],
       [-1.79933721]]), array([[ 0.03598125],
       [-0.24769521],
       [-1.82403522]]), array([[-0.11656143],
       [-0.27882393],
       [-1.77149582]]), array([[-0.22942268],
       [-0.32325977],
       [-1.78107959]]), array([[-0.31306747],
       [-0.41101832],
       [-1.78346378]]), array([[-0.29915273],
       [-0.43616377],
       [-1.76759108]]), array([[-0.33794183],
       [-0.41790251],
       [-1.75346579]]), array([[-0.35540653],
       [-0.40769463],
       [-1.73561642]]), array([[-0.37002495],
       [-0.39837702],
       [-1.7150932 ]]), array([[-0.38832806],
       [-0.39544848],
       [-1.7023214 ]]), array([[-0.40839942],
       [-0.40079549],
       [-1.68479888]]), array([[-0.41510171],
       [-0.39808478],
       [-1.67226178]]), array([[-0.40481345],
       [-0.37575751],
       [-1.67166588]]), array([[-0.31582198],
       [-0.26979534],
       [-1.6934912 ]]), array([[-0.22501743],
       [-0.16815612],
       [-1.71191714]]), array([[-0.19375675],
       [-0.13927365],
       [-1.71386942]]), array([[-0.17205249],
       [-0.10921352],
       [-1.71523189]]), array([[-0.12854751],
       [-0.04761363],
       [-1.71868848]]), array([[-0.0976953 ],
       [-0.00970687],
       [-1.71949921]]), array([[-0.07409678],
       [ 0.02253151],
       [-1.72705864]]), array([[-0.07138204],
       [ 0.04302495],
       [-1.73907734]]), array([[-0.06697661],
       [ 0.06973383],
       [-1.75472347]]), array([[-0.07000445],
       [ 0.10435949],
       [-1.78867574]]), array([[-0.06821278],
       [ 0.12986382],
       [-1.82338452]]), array([[-0.05055574],
       [ 0.1672727 ],
       [-1.86497242]]), array([[ 0.00391869],
       [ 0.2254438 ],
       [-1.89347115]]), array([[ 0.08402662],
       [ 0.28268469],
       [-1.89935799]]), array([[ 0.15570107],
       [ 0.33027801],
       [-1.89065097]]), array([[ 0.24498623],
       [ 0.38781926],
       [-1.8791126 ]]), array([[ 0.36695604],
       [ 0.47090044],
       [-1.86491522]]), array([[ 0.491     ],
       [ 0.55358608],
       [-1.83354328]]), array([[ 0.55474821],
       [ 0.59507254],
       [-1.80500874]]), array([[ 0.61447161],
       [ 0.63168992],
       [-1.78202133]]), array([[ 0.68566293],
       [ 0.67517429],
       [-1.73883908]]), array([[ 0.74815424],
       [ 0.70607692],
       [-1.71078685]]), array([[ 0.78461634],
       [ 0.75367871],
       [-1.72089767]]), array([[ 0.86001886],
       [ 0.81933761],
       [-1.76411924]]), array([[ 0.84019605],
       [ 0.77220764],
       [-1.78364125]]), array([[ 0.93889642],
       [ 0.7921818 ],
       [-1.75205963]]), array([[ 1.06316697],
       [ 0.85402652],
       [-1.6668474 ]]), array([[ 1.09204055],
       [ 0.83373236],
       [-1.66685818]]), array([[ 1.11277501],
       [ 0.79390486],
       [-1.67998172]]), array([[ 1.10691331],
       [ 0.78743121],
       [-1.66980613]]), array([[ 1.08897026],
       [ 0.80652795],
       [-1.6341228 ]]), array([[ 1.07426052],
       [ 0.79113443],
       [-1.65073321]]), array([[ 1.05466769],
       [ 0.75774046],
       [-1.75222165]]), array([[ 1.07975801],
       [ 0.71696966],
       [-1.8516386 ]]), array([[ 1.07705699],
       [ 0.69872148],
       [-1.9014396 ]]), array([[ 1.07326966],
       [ 0.6863804 ],
       [-1.91300701]]), array([[ 1.06252992],
       [ 0.68786809],
       [-1.87323876]]), array([[ 0.94735791],
       [ 0.66664682],
       [-1.67192461]]), array([[ 0.66381391],
       [ 0.68838465],
       [-1.65724838]]), array([[ 0.63238658],
       [ 0.69947521],
       [-1.63915159]]), array([[ 0.62215354],
       [ 0.71609986],
       [-1.63274674]]), array([[ 0.60082021],
       [ 0.73083132],
       [-1.62074064]]), array([[ 0.56418345],
       [ 0.7434821 ],
       [-1.58510077]]), array([[ 0.5312959 ],
       [ 0.74578662],
       [-1.56658098]]), array([[ 0.49927139],
       [ 0.76368752],
       [-1.54469517]]), array([[ 0.48935604],
       [ 0.79856066],
       [-1.53154932]]), array([[ 0.46352427],
       [ 0.83390475],
       [-1.51587246]]), array([[ 0.44869786],
       [ 0.88549762],
       [-1.48680702]]), array([[ 0.47625315],
       [ 0.955956  ],
       [-1.46350075]]), array([[ 0.54895449],
       [ 1.00781243],
       [-1.44358325]]), array([[ 0.60487381],
       [ 1.0411932 ],
       [-1.44374879]]), array([[ 0.64175452],
       [ 1.0837892 ],
       [-1.43579512]]), array([[ 0.65249317],
       [ 1.14040274],
       [-1.41967156]]), array([[ 0.59436647],
       [ 1.09313753],
       [-1.47621257]]), array([[ 0.67980464],
       [ 1.13200587],
       [-1.46750742]]), array([[ 0.65052227],
       [ 1.12270847],
       [-1.4823603 ]]), array([[ 0.67126803],
       [ 1.13865281],
       [-1.47197692]]), array([[ 0.69116804],
       [ 1.12659563],
       [-1.47234877]]), array([[ 0.69761709],
       [ 1.1239934 ],
       [-1.473231  ]]), array([[ 0.67476474],
       [ 1.10923973],
       [-1.47730533]]), array([[ 0.67089224],
       [ 1.09885942],
       [-1.48058854]]), array([[ 0.87703876],
       [ 0.59183801],
       [-1.63663921]]), array([[ 0.8767165 ],
       [ 0.54295826],
       [-1.67303552]]), array([[ 0.85504309],
       [ 0.50522123],
       [-1.71065808]]), array([[ 0.79586832],
       [ 0.40583233],
       [-1.78316043]]), array([[ 0.74594357],
       [ 0.31938515],
       [-1.85648374]]), array([[ 0.78235179],
       [ 0.29328061],
       [-1.90076109]]), array([[ 0.77523479],
       [ 0.22049889],
       [-1.97083628]]), array([[ 0.80092906],
       [ 0.07021804],
       [-2.06102034]]))
tvecs : 

(array([[-8.38768326],
       [-3.76648805],
       [24.29404504]]), array([[-8.27941178],
       [-3.55909821],
       [24.31307431]]), array([[-8.29178749],
       [-3.43250355],
       [24.26075511]]), array([[-8.33103984],
       [-3.36423691],
       [24.1009875 ]]), array([[-8.32590471],
       [-3.32017605],
       [23.79678247]]), array([[-8.31218763],
       [-3.26771216],
       [23.63597742]]), array([[-8.3106962 ],
       [-3.21839409],
       [23.5300243 ]]), array([[-8.30925656],
       [-3.08869478],
       [23.37312717]]), array([[-8.56382585],
       [-2.66749162],
       [22.95381911]]), array([[-8.78684515],
       [-2.2957361 ],
       [22.42375535]]), array([[-8.26625575],
       [-1.98683068],
       [21.86715017]]), array([[-7.57027064],
       [-1.98859713],
       [21.42336094]]), array([[-7.08971226],
       [-2.03876759],
       [21.23145638]]), array([[-6.77698699],
       [-2.07796061],
       [21.15603489]]), array([[-6.38994207],
       [-2.09454885],
       [21.17833909]]), array([[-5.91777905],
       [-2.14774284],
       [21.20365979]]), array([[-5.40312572],
       [-2.37887512],
       [21.37164996]]), array([[-5.0694381 ],
       [-2.68799575],
       [21.70109276]]), array([[-4.98374553],
       [-2.86103417],
       [21.95984912]]), array([[-4.85780764],
       [-2.86992784],
       [22.27038384]]), array([[-4.65053088],
       [-2.31955358],
       [22.41802729]]), array([[-4.04157494],
       [-1.72730174],
       [22.22065126]]), array([[-3.22224173],
       [-1.41568039],
       [21.826197  ]]), array([[-2.56106141],
       [-1.0231003 ],
       [21.08345881]]), array([[-2.23114   ],
       [-0.57128924],
       [20.3415874 ]]), array([[-1.78351103],
       [-0.11401862],
       [19.63602116]]), array([[-1.44910053],
       [ 0.5461677 ],
       [18.92202099]]), array([[-1.27444271],
       [ 1.43511701],
       [17.89778147]]), array([[-1.36491028],
       [ 2.034299  ],
       [17.04789041]]), array([[-1.40592596],
       [ 2.44879217],
       [16.30597021]]), array([[-1.40944297],
       [ 2.64549035],
       [15.54993142]]), array([[-1.35180624],
       [ 2.87631133],
       [14.89457224]]), array([[-1.27508792],
       [ 3.17309594],
       [14.20497139]]), array([[-1.31122035],
       [ 3.61481877],
       [13.38068278]]), array([[-1.34997801],
       [ 4.02743707],
       [12.88828959]]), array([[-1.35556645],
       [ 4.34032463],
       [12.39679407]]), array([[-1.37607332],
       [ 4.54776609],
       [11.78676295]]), array([[-1.28253069],
       [ 4.76775851],
       [11.03583564]]), array([[ 1.52734053],
       [ 2.52737192],
       [15.6980212 ]]), array([[ 4.16312732],
       [-3.322623  ],
       [20.99556414]]), array([[-1.26928027],
       [-1.55572951],
       [18.47304721]]), array([[-1.18562183],
       [-1.16269204],
       [18.63926963]]), array([[-1.27927987],
       [-0.58327362],
       [18.811162  ]]), array([[-1.32646788],
       [-0.1770364 ],
       [18.90710232]]), array([[-1.31664718],
       [-0.07267945],
       [19.00916976]]), array([[-1.27975022],
       [-0.07318819],
       [18.9931682 ]]), array([[-1.24277027],
       [-0.08880581],
       [18.96672144]]), array([[-1.26750679],
       [-0.10740124],
       [18.95959692]]), array([[-1.34340048],
       [-0.1698363 ],
       [19.11422714]]), array([[-1.16532241],
       [-0.53654829],
       [19.49116687]]), array([[-0.97128808],
       [-0.94816938],
       [19.88470789]]), array([[-0.89774731],
       [-1.31562373],
       [20.29394704]]), array([[-0.93936901],
       [-1.6609198 ],
       [20.63127437]]), array([[-1.16106419],
       [-1.97384907],
       [20.90559104]]), array([[-1.50339193],
       [-2.26188471],
       [21.32702734]]), array([[-1.9218199 ],
       [-2.62950931],
       [21.77315461]]), array([[-2.93265015],
       [-6.3312757 ],
       [30.39795229]]), array([[-3.86490698],
       [-5.32563721],
       [32.22215417]]), array([[-4.40906882],
       [-4.33457439],
       [33.40965882]]), array([[-5.56786663],
       [-3.82303808],
       [33.84502597]]), array([[-6.33208894],
       [-3.20233349],
       [33.55498619]]), array([[-6.65551212],
       [-2.71683112],
       [33.28298185]]), array([[-7.12186466],
       [-2.22609472],
       [32.90924559]]), array([[-7.96173154],
       [-1.67367782],
       [32.2963751 ]]), array([[-9.16016035],
       [-1.34745241],
       [31.85633975]]), array([[-10.53107248],
       [ -1.04636581],
       [ 31.61041518]]), array([[-11.60170927],
       [ -0.45366178],
       [ 31.33546406]]), array([[-12.21772603],
       [  1.24107827],
       [ 31.22726681]]), array([[-12.27831649],
       [  2.79091497],
       [ 30.99778674]]), array([[-12.31847747],
       [  3.90036817],
       [ 30.48726521]]), array([[-12.44219989],
       [  4.99579965],
       [ 29.79455279]]), array([[-12.41975095],
       [  6.2348322 ],
       [ 29.69855793]]), array([[-12.22499138],
       [  7.8502255 ],
       [ 29.88734054]]), array([[-11.88167787],
       [  9.25764783],
       [ 30.0352886 ]]), array([[-11.54143915],
       [ 10.01159663],
       [ 29.84703817]]), array([[-11.0159311 ],
       [ 10.51659392],
       [ 29.09947982]]), array([[-10.20600727],
       [ 10.35279823],
       [ 27.88407217]]), array([[-9.45600243],
       [ 9.78915791],
       [26.56327581]]), array([[-8.33087943],
       [ 8.70913231],
       [24.49581866]]), array([[-6.78832221],
       [ 7.4903665 ],
       [22.03993602]]), array([[-5.6270103 ],
       [ 6.90278128],
       [20.42471706]]), array([[-4.72705556],
       [ 6.61639316],
       [19.16250142]]), array([[-4.00700384],
       [ 6.59201642],
       [18.3928045 ]]), array([[-3.2547779 ],
       [ 6.27805033],
       [17.5376416 ]]), array([[-2.82169329],
       [ 5.85499872],
       [16.62333983]]), array([[-2.51681913],
       [ 5.41035814],
       [15.51377183]]), array([[-2.28150897],
       [ 4.99735576],
       [14.38195269]]), array([[-2.14064407],
       [ 4.79985381],
       [13.68918878]]), array([[-2.0194495 ],
       [ 4.64715916],
       [13.01357698]]), array([[-1.99174347],
       [ 4.57606024],
       [12.61937839]]), array([[-2.043319  ],
       [ 4.54405843],
       [12.35202869]]), array([[-2.13616525],
       [ 4.49686743],
       [12.02411387]]), array([[-2.26469079],
       [ 4.36946068],
       [11.6290644 ]]), array([[-2.33735404],
       [ 4.30757835],
       [11.39788552]]), array([[-2.3561689 ],
       [ 4.31113046],
       [11.39134885]]), array([[-2.35286644],
       [ 4.37997485],
       [11.70511607]]), array([[-2.41807053],
       [ 4.43749866],
       [12.08762676]]), array([[-2.51895043],
       [ 4.30564145],
       [12.49437026]]), array([[-2.72240409],
       [ 3.8940283 ],
       [12.96842852]]), array([[-2.98237983],
       [ 3.55962283],
       [13.33155202]]), array([[-3.22730598],
       [ 3.3857839 ],
       [13.60690561]]), array([[-3.67284121],
       [ 3.24737709],
       [14.02259867]]), array([[-4.00483995],
       [ 3.18000429],
       [14.41101786]]), array([[-4.27725558],
       [ 3.0568743 ],
       [14.91984245]]), array([[-4.42453639],
       [ 2.53355699],
       [16.04666091]]), array([[-4.39358957],
       [ 2.3529565 ],
       [16.36538597]]), array([[-4.37203545],
       [ 2.44103254],
       [16.60629551]]), array([[-3.95976463],
       [ 3.48651564],
       [17.55618042]]), array([[-3.35272751],
       [ 4.35398041],
       [17.99765147]]), array([[-2.78419818],
       [ 5.14077254],
       [18.27481754]]), array([[-1.96580789],
       [ 5.92509198],
       [18.58437078]]), array([[-1.28417345],
       [ 6.28059811],
       [18.65906918]]), array([[-0.87496096],
       [ 6.40820213],
       [18.64264312]]), array([[-0.38827742],
       [ 6.57117643],
       [18.78376602]]), array([[-0.05905912],
       [ 6.69608871],
       [18.98545769]]), array([[ 0.23740613],
       [ 6.78893831],
       [19.14338009]]), array([[ 0.65798312],
       [ 6.81619629],
       [19.28727438]]), array([[ 1.08710444],
       [ 6.74166905],
       [19.27557049]]), array([[ 1.84181546],
       [ 6.52975715],
       [19.12294898]]), array([[ 2.41707745],
       [ 6.29175157],
       [18.92176073]]), array([[ 2.80688014],
       [ 5.79595405],
       [18.88721462]]), array([[ 2.90571144],
       [ 5.2758501 ],
       [18.90863392]]), array([[ 3.03906688],
       [ 4.27833468],
       [19.0105485 ]]), array([[ 3.17016112],
       [ 3.45480738],
       [19.29647105]]), array([[ 3.24238546],
       [ 2.36386023],
       [19.6235473 ]]), array([[ 3.39530234],
       [ 1.0055624 ],
       [19.9109532 ]]), array([[ 3.65703421],
       [-0.22502297],
       [19.88894871]]), array([[ 3.71027229],
       [-1.42024487],
       [19.94923872]]), array([[ 3.64551324],
       [-2.73506305],
       [20.13979532]]), array([[ 3.63823637],
       [-4.07579918],
       [20.3912986 ]]), array([[1.7281837 ],
       [2.45881635],
       [9.8158543 ]]), array([[ 1.15439133],
       [ 2.56917621],
       [10.60927451]]), array([[ 0.92135936],
       [ 2.48918709],
       [11.75646519]]), array([[ 0.61653906],
       [ 2.37322362],
       [12.70928416]]), array([[ 0.06806695],
       [ 2.32005969],
       [13.63810909]]), array([[-0.2847298 ],
       [ 2.13091498],
       [14.30217297]]), array([[-0.54227484],
       [ 1.86471808],
       [14.88028395]]), array([[-0.78438413],
       [ 1.59208914],
       [15.44902663]]), array([[-1.12638265],
       [ 1.27216852],
       [16.14678047]]), array([[-1.46562981],
       [ 0.99133176],
       [16.69230207]]), array([[-2.00139432],
       [ 0.66608098],
       [17.49389556]]), array([[-2.77522281],
       [ 0.24958454],
       [18.41233822]]), array([[-3.65988494],
       [-0.47287179],
       [19.4407373 ]]), array([[-4.34107674],
       [-1.17998913],
       [20.34311683]]), array([[-5.13801416],
       [-1.8547537 ],
       [21.18390038]]), array([[-5.97120012],
       [-2.34513018],
       [21.93782446]]), array([[-6.52532007],
       [-2.76174695],
       [22.64176384]]), array([[-6.83656077],
       [-3.51799688],
       [23.42722134]]), array([[-6.94492906],
       [-4.35185634],
       [23.91073625]]), array([[-7.00941928],
       [-5.11669011],
       [24.42186165]]), array([[-6.9728429 ],
       [-5.69478862],
       [25.00266177]]), array([[-8.20161399],
       [-5.09418046],
       [27.05375316]]), array([[-7.07230616],
       [-2.42175578],
       [25.36347419]]), array([[-6.78756656],
       [-1.57104774],
       [24.0095928 ]]), array([[-6.8347906 ],
       [-0.46759133],
       [22.48890897]]), array([[-6.54540507],
       [ 0.73407107],
       [20.75961741]]), array([[-6.38007711],
       [ 1.31402355],
       [19.82845236]]), array([[-6.21427573],
       [ 1.95503638],
       [18.95419646]]), array([[-6.03261896],
       [ 2.55656784],
       [18.20338538]]), array([[-5.7012295 ],
       [ 3.14877364],
       [17.30084135]]), array([[-5.32883878],
       [ 3.51105294],
       [16.66634494]]), array([[-4.97424218],
       [ 3.83959149],
       [16.12599965]]), array([[-4.62594836],
       [ 4.33711067],
       [15.9091331 ]]), array([[-4.38582567],
       [ 4.64535621],
       [16.04230064]]), array([[-4.27651618],
       [ 4.73497297],
       [16.08262739]]), array([[-4.20515288],
       [ 4.78450654],
       [16.12870381]]), array([[-4.14905112],
       [ 4.88069085],
       [16.48044197]]), array([[-4.07890278],
       [ 4.97062289],
       [16.80971104]]), array([[-3.99184294],
       [ 5.01971447],
       [17.10608705]]), array([[-3.82324997],
       [ 5.00039806],
       [17.26467752]]), array([[-3.51063565],
       [ 5.01225514],
       [17.44589888]]), array([[-2.93848933],
       [ 5.1433549 ],
       [17.69781124]]), array([[-2.41946161],
       [ 5.31586054],
       [17.8527846 ]]), array([[-1.76399849],
       [ 5.55814903],
       [18.00672149]]), array([[-1.22316267],
       [ 5.697228  ],
       [18.17793958]]), array([[-0.83498046],
       [ 5.69546508],
       [18.36496851]]), array([[-0.58700178],
       [ 5.62236619],
       [18.48091887]]), array([[-0.39508662],
       [ 5.49160322],
       [18.693338  ]]), array([[-0.44533682],
       [ 5.15360561],
       [19.04407708]]), array([[-0.64610136],
       [ 4.69482412],
       [19.46363351]]), array([[-1.04727641],
       [ 4.22390059],
       [19.82989293]]), array([[-1.43035562],
       [ 3.88931397],
       [20.33486966]]), array([[-1.85952874],
       [ 3.38448281],
       [20.84378443]]), array([[-2.04926122],
       [ 2.89737068],
       [21.1829792 ]]), array([[-2.01992709],
       [ 2.21224127],
       [21.82629456]]), array([[-2.0264105 ],
       [ 1.44106418],
       [22.53100412]]), array([[-2.37359963],
       [ 0.83164788],
       [23.07154122]]), array([[-2.79772831],
       [ 0.08245211],
       [24.01545957]]), array([[-3.36383381],
       [-1.08339944],
       [25.48201871]]), array([[-4.03925144],
       [-1.99305406],
       [26.55737388]]), array([[-4.91063041],
       [-3.08348811],
       [27.53298123]]), array([[-5.61055502],
       [-3.97139802],
       [28.31056679]]), array([[-6.10377454],
       [-4.82244438],
       [28.9334426 ]]), array([[-6.61906285],
       [-5.33324586],
       [29.38207039]]), array([[-6.74170927],
       [-5.29821786],
       [29.63672225]]), array([[-6.70861856],
       [-5.16318565],
       [29.75153539]]), array([[-6.67128061],
       [-5.15697978],
       [29.75381004]]), array([[-6.66816946],
       [-5.30035317],
       [29.69689576]]), array([[-6.74879022],
       [-5.64550422],
       [29.57935701]]), array([[-7.04065421],
       [-6.55239725],
       [28.50138325]]), array([[-5.03039303],
       [-3.61853274],
       [21.99778411]]), array([[-4.76332096],
       [-3.29300399],
       [21.32180126]]), array([[-4.60741254],
       [-2.98367465],
       [20.73523254]]), array([[-4.39416584],
       [-2.79481411],
       [20.1806679 ]]), array([[-4.18527207],
       [-2.83379213],
       [19.67736239]]), array([[-4.07102316],
       [-2.79630461],
       [19.43151383]]), array([[-3.92941848],
       [-2.56547078],
       [19.2864785 ]]), array([[-3.70210267],
       [-2.35343042],
       [19.32116221]]), array([[-3.31868154],
       [-2.37276482],
       [19.2036235 ]]), array([[-2.85791881],
       [-2.64138211],
       [18.91951531]]), array([[-2.39879456],
       [-3.05293507],
       [18.72790354]]), array([[-1.87854302],
       [-3.81131942],
       [19.13063347]]), array([[-1.20090069],
       [-4.32988514],
       [19.81027625]]), array([[-0.34423875],
       [-4.83008316],
       [20.52728869]]), array([[ 0.5602706 ],
       [-5.60982033],
       [21.20161001]]), array([[ 2.85226805],
       [-4.5185916 ],
       [24.74716838]]), array([[ 2.40096686],
       [-2.30129212],
       [25.26441483]]), array([[ 2.08468593],
       [-1.29441834],
       [24.9232701 ]]), array([[ 1.65685347],
       [-0.16076593],
       [24.96300017]]), array([[ 0.94220785],
       [ 0.87412452],
       [24.87270448]]), array([[ 0.49036796],
       [ 1.104887  ],
       [24.74581932]]), array([[ 0.09477938],
       [ 1.33929342],
       [24.53691357]]), array([[-0.23618341],
       [ 1.67778526],
       [24.32971995]]), array([[-7.40597257],
       [ 4.73623877],
       [21.70033817]]), array([[-8.45025723],
       [ 4.22121313],
       [22.26792982]]), array([[-9.7053569 ],
       [ 3.73567991],
       [22.75774987]]), array([[-10.51957716],
       [  3.31559883],
       [ 22.7947933 ]]), array([[-10.29908214],
       [  2.99432429],
       [ 23.10516224]]), array([[-9.23327447],
       [ 2.25139543],
       [24.18986298]]), array([[-7.83309911],
       [ 0.65395381],
       [25.51721447]]), array([[-5.92325816],
       [-2.23459717],
       [27.45901187]]))



#### RIGHT CAMERA VALUES:
[[549.06850891   0.         336.5228806 ]
 [  0.         548.1345095  264.33637872]
 [  0.           0.           1.        ]]
dist : 

[[-0.38533923  0.21106691 -0.00181852 -0.00088845 -0.19999498]]
rvecs : 

(array([[-0.49846097],
       [ 0.16862017],
       [-1.42568699]]), array([[-0.55712867],
       [ 0.05839027],
       [-1.40112708]]), array([[-0.61527436],
       [ 0.01850373],
       [-1.40319021]]), array([[-0.69298343],
       [-0.06416454],
       [-1.38105526]]), array([[-0.71723232],
       [-0.10315852],
       [-1.38026589]]), array([[-0.72487986],
       [-0.15605335],
       [-1.39702378]]), array([[-0.71339596],
       [-0.19262428],
       [-1.42494026]]), array([[-0.70136505],
       [-0.22919731],
       [-1.46614174]]), array([[-0.71337654],
       [-0.26995731],
       [-1.49012196]]), array([[-0.68511274],
       [-0.26664864],
       [-1.53039313]]), array([[-0.6662151 ],
       [-0.26556058],
       [-1.56577851]]), array([[-0.68851108],
       [-0.3394022 ],
       [-1.56512953]]), array([[-0.67247291],
       [-0.40379492],
       [-1.56122926]]), array([[-0.63966536],
       [-0.43198534],
       [-1.57631074]]), array([[-0.56221453],
       [-0.50299182],
       [-1.61021915]]), array([[-0.50633844],
       [-0.56676776],
       [-1.64012376]]), array([[-0.46129955],
       [-0.59803957],
       [-1.67327376]]), array([[-0.47984345],
       [-0.61406981],
       [-1.71143207]]), array([[-0.50161496],
       [-0.62805938],
       [-1.74352905]]), array([[-0.42589769],
       [-0.71232264],
       [-1.82555293]]), array([[-0.18119691],
       [-0.7340393 ],
       [-1.92671772]]), array([[-0.18866563],
       [-0.74923023],
       [-1.9721372 ]]), array([[-0.03904664],
       [-0.6936698 ],
       [-2.03922614]]), array([[-0.08718429],
       [-0.72086054],
       [-2.03108949]]), array([[-0.12139476],
       [-0.72944331],
       [-2.03386073]]), array([[-0.12116543],
       [-0.71872081],
       [-2.00836985]]), array([[-0.15316029],
       [-0.71077935],
       [-1.96356946]]), array([[-0.15756855],
       [-0.70319701],
       [-1.94279609]]), array([[-0.16568005],
       [-0.7079391 ],
       [-1.92823932]]), array([[-0.1739877 ],
       [-0.71765766],
       [-1.92017146]]), array([[-0.16947158],
       [-0.72480956],
       [-1.91315647]]), array([[-0.16827681],
       [-0.72705251],
       [-1.90790571]]), array([[-0.16637751],
       [-0.73506797],
       [-1.90410685]]), array([[-0.1899843 ],
       [-0.72825474],
       [-1.89804909]]), array([[-0.22181966],
       [-0.71174403],
       [-1.88645871]]), array([[-0.25637216],
       [-0.68207816],
       [-1.86981231]]), array([[-0.30435224],
       [-0.640052  ],
       [-1.84718517]]), array([[-0.42723906],
       [-0.49561051],
       [-1.74837929]]), array([[-0.42353237],
       [-0.43122104],
       [-1.70082435]]), array([[-0.37768385],
       [-0.34311348],
       [-1.51535502]]), array([[-0.34894951],
       [-0.282314  ],
       [-1.346245  ]]), array([[-0.32439648],
       [-0.21956898],
       [-1.27191948]]), array([[-0.32059453],
       [-0.19814071],
       [-1.21299108]]), array([[-0.30393635],
       [-0.18570222],
       [-1.1576219 ]]), array([[-0.30299444],
       [-0.18233793],
       [-1.09993235]]), array([[-0.29789111],
       [-0.16829239],
       [-1.04166338]]), array([[-0.29494468],
       [-0.15570564],
       [-0.99044707]]), array([[-0.29726515],
       [-0.14910009],
       [-0.95183468]]), array([[-0.29570434],
       [-0.147296  ],
       [-0.91767602]]), array([[-0.28737129],
       [-0.1441232 ],
       [-0.88618746]]), array([[-0.26786867],
       [-0.1432924 ],
       [-0.84264345]]), array([[-0.26771777],
       [-0.13493586],
       [-0.80383137]]), array([[-0.27523477],
       [-0.11533525],
       [-0.76290628]]), array([[-0.26958571],
       [-0.08147307],
       [-0.72329581]]), array([[-0.28067517],
       [-0.06172966],
       [-0.69319319]]), array([[-0.30536742],
       [-0.05435586],
       [-0.6717814 ]]), array([[-0.31479785],
       [-0.0501729 ],
       [-0.67232968]]), array([[-0.32322951],
       [-0.04223791],
       [-0.68413006]]), array([[-0.35096208],
       [-0.04108662],
       [-0.70343439]]), array([[-0.37432904],
       [-0.04073504],
       [-0.73168684]]), array([[-0.24118797],
       [ 0.03418386],
       [-1.73483401]]), array([[-0.17993635],
       [ 0.0158392 ],
       [-1.75081058]]), array([[-0.1754894 ],
       [-0.07422405],
       [-1.74240733]]), array([[-0.15292058],
       [-0.0919318 ],
       [-1.74399444]]), array([[-0.16545977],
       [-0.20230013],
       [-1.75014827]]), array([[-0.26359445],
       [-0.25606243],
       [-1.7512103 ]]), array([[-0.34242127],
       [-0.27308803],
       [-1.75439609]]), array([[-0.32475576],
       [-0.29921258],
       [-1.74450208]]), array([[-0.33840479],
       [-0.34564757],
       [-1.75162161]]), array([[-0.26963035],
       [-0.33680522],
       [-1.82737761]]), array([[-0.32899851],
       [-0.32238812],
       [-1.96995478]]), array([[-0.41069188],
       [-0.26992328],
       [-2.09634029]]), array([[-0.50280145],
       [-0.20627012],
       [-2.19143261]]), array([[-0.5653323 ],
       [-0.20490224],
       [-2.28564584]]), array([[-0.55211351],
       [-0.18076541],
       [-2.38757764]]), array([[-0.51220337],
       [-0.17242241],
       [-2.51957995]]), array([[-0.41814837],
       [-0.14350855],
       [-2.59579199]]), array([[-0.40669358],
       [-0.13370548],
       [-2.60914101]]), array([[-0.00732467],
       [ 0.03370175],
       [-2.56445144]]), array([[ 0.24475943],
       [ 0.14159777],
       [-2.49632205]]), array([[ 1.23363057],
       [ 0.71763693],
       [-1.79094399]]), array([[ 1.26793039],
       [ 0.70852316],
       [-1.76599398]]), array([[ 1.2633442 ],
       [ 0.68269931],
       [-1.75915704]]), array([[ 1.26145782],
       [ 0.65758866],
       [-1.76318059]]), array([[ 1.25025312],
       [ 0.61677594],
       [-1.78427   ]]), array([[ 1.25374303],
       [ 0.60983549],
       [-1.7792604 ]]), array([[ 1.24843648],
       [ 0.5945351 ],
       [-1.78165218]]), array([[ 1.2505582 ],
       [ 0.58210583],
       [-1.78411434]]), array([[ 1.2570064 ],
       [ 0.57782348],
       [-1.78541703]]), array([[ 1.25118338],
       [ 0.56611141],
       [-1.79415956]]), array([[ 1.2199317 ],
       [ 0.52129826],
       [-1.81195707]]), array([[ 0.26473474],
       [ 1.28139137],
       [-1.41028254]]), array([[ 0.22887393],
       [ 1.29728159],
       [-1.40224508]]), array([[ 0.28027186],
       [ 1.32986269],
       [-1.41302874]]), array([[ 0.36972365],
       [ 1.31554473],
       [-1.41316742]]), array([[ 0.43603163],
       [ 1.2728366 ],
       [-1.45232438]]), array([[ 0.48134122],
       [ 1.26638403],
       [-1.48665204]]), array([[ 0.0607981 ],
       [ 0.61309956],
       [-1.60456032]]), array([[-0.02730741],
       [ 0.52905504],
       [-1.57016492]]), array([[-0.08879957],
       [ 0.46594712],
       [-1.56347588]]), array([[-0.16561679],
       [ 0.36137879],
       [-1.5471719 ]]), array([[-0.17235763],
       [ 0.34200081],
       [-1.54253657]]), array([[-0.19360982],
       [ 0.31397401],
       [-1.53935923]]), array([[-0.20904193],
       [ 0.29658986],
       [-1.53571981]]), array([[-0.22903847],
       [ 0.27230197],
       [-1.53020972]]), array([[-0.25818598],
       [ 0.23453671],
       [-1.52647587]]), array([[-0.29561215],
       [ 0.1944302 ],
       [-1.52321878]]), array([[-0.33428908],
       [ 0.1462199 ],
       [-1.51620031]]), array([[-0.38141766],
       [ 0.08886657],
       [-1.50415843]]), array([[-0.42041755],
       [ 0.04123765],
       [-1.48701441]]), array([[-0.44395492],
       [ 0.01013292],
       [-1.47304254]]), array([[-0.45497854],
       [-0.03625161],
       [-1.4694697 ]]), array([[-0.45103163],
       [-0.08536814],
       [-1.48344202]]), array([[-0.45800679],
       [-0.11581988],
       [-1.50187227]]), array([[-0.40689897],
       [-0.07501534],
       [-1.54090809]]), array([[-0.31812316],
       [-0.00306777],
       [-1.58748866]]), array([[-0.25344469],
       [ 0.05662055],
       [-1.63223412]]), array([[-0.19105804],
       [ 0.11097857],
       [-1.68801538]]), array([[-0.14577724],
       [-0.02077606],
       [-1.76622904]]), array([[-0.21119471],
       [-0.12724555],
       [-1.78276521]]), array([[-0.20157677],
       [-0.15751676],
       [-1.8043804 ]]), array([[-0.22220209],
       [-0.19884672],
       [-1.81720765]]), array([[-0.22224889],
       [-0.21142201],
       [-1.82915757]]), array([[-0.21924571],
       [-0.22066923],
       [-1.84468943]]), array([[-0.21862859],
       [-0.23710009],
       [-1.86166931]]), array([[-0.20076211],
       [-0.26366962],
       [-1.89487944]]), array([[-0.18225136],
       [-0.29023814],
       [-1.9509613 ]]), array([[-0.17347798],
       [-0.3330736 ],
       [-2.03765661]]), array([[-0.16693449],
       [-0.36355719],
       [-2.10767189]]), array([[-0.1539774 ],
       [-0.38089591],
       [-2.17325728]]), array([[-0.14781396],
       [-0.40744358],
       [-2.22255445]]), array([[-0.1622643 ],
       [-0.4326054 ],
       [-2.27397487]]), array([[-0.16745865],
       [-0.43517231],
       [-2.28026398]]), array([[-0.13079521],
       [-0.41133525],
       [-2.26449136]]), array([[-0.09108009],
       [-0.38416281],
       [-2.2474451 ]]), array([[-0.07295802],
       [-0.36378832],
       [-2.21602737]]), array([[-0.05487326],
       [-0.33851412],
       [-2.18169231]]), array([[-0.04595793],
       [-0.32553646],
       [-2.17523274]]), array([[-0.04808924],
       [-0.31599176],
       [-2.17284252]]), array([[-0.05298284],
       [-0.3028323 ],
       [-2.16264358]]), array([[-0.05263992],
       [-0.28567096],
       [-2.14262193]]), array([[-0.06717734],
       [-0.27292168],
       [-2.12942891]]), array([[-0.0773076 ],
       [-0.26837783],
       [-2.12099904]]), array([[-0.08108517],
       [-0.27524074],
       [-2.11643235]]))
tvecs : 

(array([[-2.11139929],
       [-4.34020505],
       [19.73458188]]), array([[-1.87885234],
       [-4.35068715],
       [19.72219101]]), array([[-1.07687978],
       [-5.16583707],
       [19.58237284]]), array([[-1.12432003],
       [-4.23428507],
       [18.89448803]]), array([[-1.42463169],
       [-3.10202554],
       [18.07478117]]), array([[-1.71337201],
       [-2.84488902],
       [17.46217444]]), array([[-2.08257095],
       [-2.3726496 ],
       [17.21194636]]), array([[-2.39159777],
       [-1.89828671],
       [17.2539064 ]]), array([[-2.68037935],
       [-1.74677711],
       [17.13974062]]), array([[-2.93803031],
       [-1.81804944],
       [17.06690244]]), array([[-2.88682227],
       [-2.33477692],
       [17.23605558]]), array([[-2.82456977],
       [-2.63735787],
       [17.21207854]]), array([[-2.99935315],
       [-2.56995672],
       [17.02615761]]), array([[-3.34168475],
       [-2.11311869],
       [16.86238612]]), array([[-3.79796982],
       [-1.85177278],
       [16.8091048 ]]), array([[-3.97123158],
       [-1.96245668],
       [16.87871039]]), array([[-3.90459671],
       [-2.16036847],
       [16.88731074]]), array([[-3.77210584],
       [-2.53743182],
       [16.64472746]]), array([[-3.67233475],
       [-2.88180701],
       [16.51037534]]), array([[-3.50154905],
       [-3.11556414],
       [16.44463221]]), array([[-3.15202026],
       [-2.71494735],
       [16.5467941 ]]), array([[-3.16626551],
       [-2.93275903],
       [16.73694715]]), array([[-5.16415432],
       [-3.87496736],
       [21.32734814]]), array([[-4.73640772],
       [-2.67377499],
       [19.74495325]]), array([[-4.37332105],
       [-1.84975295],
       [18.7997278 ]]), array([[-4.19227875],
       [-1.10545369],
       [18.10645924]]), array([[-4.00945671],
       [-0.20201767],
       [16.99810792]]), array([[-3.85855905],
       [ 0.29142539],
       [16.40742721]]), array([[-3.60276106],
       [ 0.69851274],
       [15.86247337]]), array([[-3.2062857 ],
       [ 1.10259704],
       [15.28071696]]), array([[-2.81446841],
       [ 1.40001395],
       [14.80541081]]), array([[-2.41795667],
       [ 1.73833362],
       [14.31631855]]), array([[-1.99037766],
       [ 2.07780272],
       [13.79010131]]), array([[-1.12818693],
       [ 2.44857847],
       [13.23126978]]), array([[-0.43937265],
       [ 2.77212434],
       [12.82292857]]), array([[ 0.31998217],
       [ 3.22909915],
       [12.29397087]]), array([[ 0.77694857],
       [ 3.47801863],
       [12.09953313]]), array([[-0.2601606 ],
       [ 4.31576351],
       [12.00108276]]), array([[-1.41677673],
       [ 3.9771548 ],
       [13.18730319]]), array([[-2.47718771],
       [ 2.7676825 ],
       [14.35817122]]), array([[-3.2499427 ],
       [ 1.64798031],
       [15.10549338]]), array([[-4.38143611],
       [ 1.11605274],
       [16.17872422]]), array([[-4.99908931],
       [ 0.63366013],
       [16.75677108]]), array([[-5.41876007],
       [ 0.18697473],
       [17.04348303]]), array([[-5.75919415],
       [-0.24964655],
       [17.36220917]]), array([[-6.05452022],
       [-0.65147795],
       [17.75248172]]), array([[-6.39224507],
       [-1.06265881],
       [18.15248842]]), array([[-7.00777711],
       [-1.62554622],
       [18.55662719]]), array([[-7.34576577],
       [-2.22674485],
       [18.80824061]]), array([[-7.43435246],
       [-2.77276256],
       [19.03777883]]), array([[-7.68683619],
       [-3.8228827 ],
       [19.58517356]]), array([[-7.89605527],
       [-4.46871979],
       [19.95417577]]), array([[-8.25107463],
       [-4.95375116],
       [20.38895343]]), array([[-8.85387675],
       [-5.47203638],
       [20.93583302]]), array([[-9.59965445],
       [-5.95714252],
       [21.41112826]]), array([[-10.59024869],
       [ -6.5591304 ],
       [ 22.00575546]]), array([[-11.5025202 ],
       [ -6.97758142],
       [ 22.48744388]]), array([[-12.34996087],
       [ -7.42848297],
       [ 22.98528753]]), array([[-13.21181479],
       [ -8.00759037],
       [ 23.4966285 ]]), array([[-13.80148571],
       [ -8.43134849],
       [ 23.78770667]]), array([[ -1.52294176],
       [-10.15477243],
       [ 32.63364431]]), array([[-1.80499344],
       [-9.60486666],
       [33.72598448]]), array([[-3.31103335],
       [-8.8703672 ],
       [34.30188326]]), array([[-4.80923538],
       [-8.50531375],
       [34.8220491 ]]), array([[-6.53630378],
       [-8.51091157],
       [35.14488621]]), array([[-7.84367727],
       [-8.63993397],
       [35.79328208]]), array([[-8.60034061],
       [-8.48050913],
       [35.92959893]]), array([[-9.45306635],
       [-8.31762192],
       [36.02557283]]), array([[-10.62456099],
       [ -7.92635188],
       [ 35.88813891]]), array([[-12.02824723],
       [ -7.64815783],
       [ 36.21727088]]), array([[-12.38543022],
       [ -7.56770394],
       [ 36.20127175]]), array([[-12.43093264],
       [ -7.70335115],
       [ 35.89155691]]), array([[-12.73015795],
       [ -7.52089278],
       [ 34.77618555]]), array([[-12.94117743],
       [ -7.34463808],
       [ 33.97564701]]), array([[-13.13260798],
       [ -7.1889186 ],
       [ 34.02889143]]), array([[-12.20459759],
       [ -6.74857362],
       [ 32.84168426]]), array([[-10.87700175],
       [ -6.29569741],
       [ 31.49851579]]), array([[-10.31150461],
       [ -5.82886412],
       [ 30.21597436]]), array([[-8.87207523],
       [-5.28234492],
       [29.92014474]]), array([[-7.95367503],
       [-5.33152628],
       [30.02778212]]), array([[-5.179969  ],
       [-5.77538589],
       [27.27012957]]), array([[-4.7779695 ],
       [-3.77060502],
       [26.60181483]]), array([[-4.86853878],
       [-2.81849463],
       [25.90673212]]), array([[-4.90643215],
       [-1.99299335],
       [25.3051375 ]]), array([[-4.6420131 ],
       [-1.23102726],
       [24.5538369 ]]), array([[-4.63318563],
       [-1.00166385],
       [24.26424425]]), array([[-4.63532154],
       [-0.76983881],
       [23.90596287]]), array([[-4.56670384],
       [-0.52343308],
       [23.56826047]]), array([[-4.30012137],
       [-0.26267406],
       [23.1844712 ]]), array([[-3.61359599],
       [ 0.09744013],
       [22.64407481]]), array([[-2.97156237],
       [ 0.43553023],
       [22.08495951]]), array([[ 2.17001997],
       [-3.15869859],
       [19.87675885]]), array([[ 1.49054483],
       [-3.87274422],
       [20.90198599]]), array([[ 0.673832  ],
       [-4.54271769],
       [21.70264063]]), array([[-0.23977987],
       [-5.47397364],
       [22.55964933]]), array([[-1.45432373],
       [-6.49062278],
       [23.59212418]]), array([[-1.90819017],
       [-7.06414134],
       [24.05202409]]), array([[-2.67170658],
       [-3.13069366],
       [19.71300141]]), array([[-3.00313423],
       [-1.83126229],
       [18.87047771]]), array([[-3.17331049],
       [-0.82921727],
       [18.03209003]]), array([[-3.1252456 ],
       [-0.38643294],
       [17.15785176]]), array([[-3.04239709e+00],
       [ 4.25850319e-03],
       [ 1.63752881e+01]]), array([[-3.03565173],
       [ 0.22012083],
       [15.86579238]]), array([[-3.07061476],
       [ 0.38711388],
       [15.51807037]]), array([[-3.17009899],
       [ 0.55402072],
       [15.16830015]]), array([[-3.33592786],
       [ 0.75044194],
       [14.77311318]]), array([[-3.47447154],
       [ 0.98846515],
       [14.29334988]]), array([[-3.52092079],
       [ 1.13165114],
       [13.81111233]]), array([[-3.50157526],
       [ 1.0501947 ],
       [13.35650295]]), array([[-3.49013231],
       [ 0.84869931],
       [12.89325155]]), array([[-3.54847519],
       [ 0.7818071 ],
       [12.60690112]]), array([[-3.79273224],
       [ 0.92921448],
       [12.55231816]]), array([[-4.12583753],
       [ 0.95177247],
       [12.69879214]]), array([[-4.37422029],
       [ 0.78647405],
       [12.85704812]]), array([[-4.41354772],
       [ 0.65210294],
       [13.26161226]]), array([[-4.28358694],
       [ 0.35662444],
       [13.88018862]]), array([[-4.09959555],
       [-0.21018758],
       [14.51755222]]), array([[-3.98415688],
       [-1.08891981],
       [15.3125023 ]]), array([[-3.68231475],
       [-2.14513822],
       [17.64871481]]), array([[-4.18885989],
       [-0.9220426 ],
       [17.52792659]]), array([[-4.36295711],
       [ 0.33142051],
       [17.22152147]]), array([[-4.56021206],
       [ 1.14649802],
       [16.90992924]]), array([[-4.88776944],
       [ 1.74093388],
       [16.77761895]]), array([[-5.22109671],
       [ 2.15069685],
       [16.72527639]]), array([[-5.51354226],
       [ 2.42636374],
       [16.61183928]]), array([[-5.73935765],
       [ 2.65718815],
       [16.43158185]]), array([[-5.81263406],
       [ 2.92906638],
       [16.20784729]]), array([[-5.6715767 ],
       [ 3.21864601],
       [15.8680345 ]]), array([[-5.48581695],
       [ 3.25046326],
       [15.63280135]]), array([[-5.42814451],
       [ 3.11423686],
       [15.44057674]]), array([[-5.52851312],
       [ 2.80935108],
       [15.3280435 ]]), array([[-5.87815351],
       [ 2.32615984],
       [15.29822182]]), array([[-5.93099888],
       [ 2.05065271],
       [15.3330472 ]]), array([[-5.65137633],
       [ 1.79975877],
       [15.40120028]]), array([[-5.19923   ],
       [ 1.62926616],
       [15.55270715]]), array([[-4.58922569],
       [ 1.13153605],
       [15.63121248]]), array([[-3.62529604],
       [ 0.38347275],
       [15.59329804]]), array([[-2.79725222],
       [-0.01588525],
       [15.50083109]]), array([[-2.25462247],
       [-0.2258369 ],
       [15.45635319]]), array([[-2.09715463],
       [-0.34242711],
       [15.540298  ]]), array([[-2.33936026],
       [-0.38840133],
       [15.71013353]]), array([[-2.7935248 ],
       [-0.39432909],
       [15.96395472]]), array([[-2.94499053],
       [-0.5006103 ],
       [16.10722838]]), array([[-2.52823976],
       [-0.76240485],
       [16.0143438 ]]))